Sample	0	1	2	3	4	5	6	7	8	9	10	11	12	13	14	15	16	17	18	19	20	21	22	23	24	25	26	27	28	29	30	31	32	33	34	35	36	37	38	39	40	41	42	43	44	45	46	47	48	49	50	51	52	53	54	55	56	57	58	59	60	61	62	63	64	65	66	67	68	69	70	71	72	73	74	75	76	77	78	79	80	81	82	83	84	85	86	87	88	89	90	91	92	93	94	95	96	97	98	99	100	101	102	103	104	105	106	107	108	109	110	111	112	113	114	115	116	117	118	119	120	121	122	123	124	125	126	127	128	129	130	131	132	133	134	135	136	137	138	139	140	141	142	143	144	145	146
m21094_260505_160002.hifi_reads.bc2001-PolyA	(3, 0.0)	(8, 0.0)	(13, 0.0)	(18, 0.0)	(23, 0.0)	(29, 0.0)	(34, 0.0)	(39, 0.0)	(44, 0.0)	(50, 0.003043491493441276)	(56, 0.003043491493441276)	(61, 0.003043491493441276)	(67, 0.003043491493441276)	(74, 0.003043491493441276)	(82, 0.003043491493441276)	(88, 0.003043491493441276)	(95, 0.003043491493441276)	(102, 0.003043491493441276)	(107, 0.003043491493441276)	(112, 0.003043491493441276)	(117, 0.003043491493441276)	(123, 0.003043491493441276)	(129, 0.003043491493441276)	(136, 0.003043491493441276)	(142, 0.003043491493441276)	(149, 0.003043491493441276)	(157, 0.003043491493441276)	(164, 0.003043491493441276)	(172, 0.003043491493441276)	(181, 0.003043491493441276)	(190, 0.003043491493441276)	(199, 0.003043491493441276)	(209, 0.003043491493441276)	(220, 0.003043491493441276)	(231, 0.003043491493441276)	(242, 0.003043491493441276)	(254, 0.003043491493441276)	(267, 0.003043491493441276)	(280, 0.003043491493441276)	(293, 0.003043491493441276)	(308, 0.003043491493441276)	(323, 0.003043491493441276)	(339, 0.003043491493441276)	(356, 0.003043491493441276)	(373, 0.003043491493441276)	(392, 0.003043491493441276)	(411, 0.003043491493441276)	(432, 0.003043491493441276)	(453, 0.003043491493441276)	(476, 0.003043491493441276)	(499, 0.003043491493441276)	(524, 0.003043491493441276)	(550, 0.003043491493441276)	(577, 0.003043491493441276)	(606, 0.003043491493441276)	(636, 0.003043491493441276)	(667, 0.003043491493441276)	(700, 0.003043491493441276)	(735, 0.003043491493441276)	(771, 0.01521745746720638)	(809, 0.01521745746720638)	(849, 0.01521745746720638)	(892, 0.01521745746720638)	(936, 0.01521745746720638)	(982, 0.01521745746720638)	(1030, 0.01521745746720638)	(1081, 0.01521745746720638)	(1135, 0.01521745746720638)	(1191, 0.01521745746720638)	(1250, 0.01521745746720638)	(1312, 0.01521745746720638)	(1377, 0.018260948960647654)	(1445, 0.018260948960647654)	(1517, 0.018260948960647654)	(1592, 0.018260948960647654)	(1671, 0.018260948960647654)	(1754, 0.018260948960647654)	(1841, 0.02130444045408893)	(1932, 0.02130444045408893)	(2027, 0.02130444045408893)	(2128, 0.02130444045408893)	(2233, 0.02130444045408893)	(2344, 0.02130444045408893)	(2460, 0.02130444045408893)	(2581, 0.02130444045408893)	(2709, 0.02130444045408893)	(2843, 0.02130444045408893)	(2984, 0.02130444045408893)	(3132, 0.02130444045408893)	(3287, 0.02130444045408893)	(3450, 0.02130444045408893)	(3621, 0.02130444045408893)	(3800, 0.02130444045408893)	(3988, 0.02130444045408893)	(4186, 0.02130444045408893)	(4393, 0.02130444045408893)	(4611, 0.02130444045408893)	(4839, 0.02130444045408893)	(5079, 0.02130444045408893)	(5330, 0.02130444045408893)	(5594, 0.02130444045408893)	(5871, 0.02130444045408893)	(6162, 0.02130444045408893)	(6467, 0.024347931947530207)	(6787, 0.024347931947530207)	(7123, 0.024347931947530207)	(7476, 0.024347931947530207)	(7847, 0.024347931947530207)	(8235, 0.024347931947530207)	(8643, 0.024347931947530207)	(9071, 0.024347931947530207)	(9520, 0.024347931947530207)	(9992, 0.024347931947530207)	(10487, 0.024347931947530207)	(11006, 0.024347931947530207)	(11551, 0.024347931947530207)	(12123, 0.024347931947530207)	(12724, 0.024347931947530207)	(13354, 0.024347931947530207)	(14016, 0.024347931947530207)	(14710, 0.024347931947530207)	(15438, 0.024347931947530207)	(16203, 0.024347931947530207)	(17006, 0.024347931947530207)	(17848, 0.024347931947530207)	(18732, 0.024347931947530207)	(19660, 0.024347931947530207)	(20634, 0.024347931947530207)	(21656, 0.024347931947530207)	(22728, 0.024347931947530207)	(23854, 0.024347931947530207)	(25035, 0.024347931947530207)	(26275, 0.024347931947530207)	(27577, 0.024347931947530207)	(28943, 0.024347931947530207)	(30376, 0.024347931947530207)											
m21094_260505_160002.hifi_reads.bc2001-PolyG	(3, 0.0)	(8, 0.0)	(13, 0.003043491493441276)	(18, 0.003043491493441276)	(23, 0.003043491493441276)	(29, 0.003043491493441276)	(34, 0.003043491493441276)	(39, 0.003043491493441276)	(44, 0.003043491493441276)	(50, 0.006086982986882552)	(56, 0.006086982986882552)	(61, 0.006086982986882552)	(67, 0.006086982986882552)	(74, 0.006086982986882552)	(82, 0.006086982986882552)	(88, 0.006086982986882552)	(95, 0.006086982986882552)	(102, 0.006086982986882552)	(107, 0.006086982986882552)	(112, 0.006086982986882552)	(117, 0.006086982986882552)	(123, 0.006086982986882552)	(129, 0.006086982986882552)	(136, 0.006086982986882552)	(142, 0.006086982986882552)	(149, 0.006086982986882552)	(157, 0.006086982986882552)	(164, 0.006086982986882552)	(172, 0.006086982986882552)	(181, 0.006086982986882552)	(190, 0.006086982986882552)	(199, 0.006086982986882552)	(209, 0.006086982986882552)	(220, 0.006086982986882552)	(231, 0.006086982986882552)	(242, 0.006086982986882552)	(254, 0.006086982986882552)	(267, 0.006086982986882552)	(280, 0.006086982986882552)	(293, 0.006086982986882552)	(308, 0.006086982986882552)	(323, 0.006086982986882552)	(339, 0.006086982986882552)	(356, 0.006086982986882552)	(373, 0.006086982986882552)	(392, 0.006086982986882552)	(411, 0.006086982986882552)	(432, 0.006086982986882552)	(453, 0.006086982986882552)	(476, 0.006086982986882552)	(499, 0.006086982986882552)	(524, 0.006086982986882552)	(550, 0.006086982986882552)	(577, 0.006086982986882552)	(606, 0.006086982986882552)	(636, 0.006086982986882552)	(667, 0.006086982986882552)	(700, 0.006086982986882552)	(735, 0.006086982986882552)	(771, 0.006086982986882552)	(809, 0.006086982986882552)	(849, 0.006086982986882552)	(892, 0.006086982986882552)	(936, 0.006086982986882552)	(982, 0.006086982986882552)	(1030, 0.006086982986882552)	(1081, 0.006086982986882552)	(1135, 0.006086982986882552)	(1191, 0.006086982986882552)	(1250, 0.006086982986882552)	(1312, 0.006086982986882552)	(1377, 0.006086982986882552)	(1445, 0.006086982986882552)	(1517, 0.006086982986882552)	(1592, 0.006086982986882552)	(1671, 0.006086982986882552)	(1754, 0.006086982986882552)	(1841, 0.006086982986882552)	(1932, 0.006086982986882552)	(2027, 0.006086982986882552)	(2128, 0.006086982986882552)	(2233, 0.006086982986882552)	(2344, 0.006086982986882552)	(2460, 0.006086982986882552)	(2581, 0.006086982986882552)	(2709, 0.006086982986882552)	(2843, 0.006086982986882552)	(2984, 0.006086982986882552)	(3132, 0.006086982986882552)	(3287, 0.006086982986882552)	(3450, 0.006086982986882552)	(3621, 0.006086982986882552)	(3800, 0.006086982986882552)	(3988, 0.009130474480323827)	(4186, 0.009130474480323827)	(4393, 0.012173965973765103)	(4611, 0.012173965973765103)	(4839, 0.012173965973765103)	(5079, 0.012173965973765103)	(5330, 0.012173965973765103)	(5594, 0.012173965973765103)	(5871, 0.012173965973765103)	(6162, 0.012173965973765103)	(6467, 0.012173965973765103)	(6787, 0.012173965973765103)	(7123, 0.012173965973765103)	(7476, 0.012173965973765103)	(7847, 0.012173965973765103)	(8235, 0.012173965973765103)	(8643, 0.012173965973765103)	(9071, 0.012173965973765103)	(9520, 0.012173965973765103)	(9992, 0.012173965973765103)	(10487, 0.012173965973765103)	(11006, 0.012173965973765103)	(11551, 0.012173965973765103)	(12123, 0.012173965973765103)	(12724, 0.012173965973765103)	(13354, 0.012173965973765103)	(14016, 0.012173965973765103)	(14710, 0.012173965973765103)	(15438, 0.012173965973765103)	(16203, 0.012173965973765103)	(17006, 0.012173965973765103)	(17848, 0.012173965973765103)	(18732, 0.012173965973765103)	(19660, 0.012173965973765103)	(20634, 0.012173965973765103)	(21656, 0.012173965973765103)	(22728, 0.012173965973765103)	(23854, 0.012173965973765103)	(25035, 0.012173965973765103)	(26275, 0.012173965973765103)	(27577, 0.012173965973765103)	(28943, 0.012173965973765103)	(30376, 0.012173965973765103)											
m21094_260505_160002.hifi_reads.bc2002-PolyA	(3, 0.0)	(8, 0.0)	(13, 0.0)	(18, 0.0)	(23, 0.0)	(29, 0.0)	(34, 0.0)	(39, 0.0)	(44, 0.0)	(50, 0.0)	(56, 0.0)	(61, 0.0)	(67, 0.0)	(74, 0.0)	(82, 0.0)	(88, 0.0)	(95, 0.0)	(102, 0.0)	(107, 0.0)	(112, 0.0)	(117, 0.0)	(123, 0.0)	(129, 0.0)	(136, 0.0)	(142, 0.0)	(149, 0.0)	(157, 0.0)	(164, 0.0)	(172, 0.0)	(181, 0.0)	(190, 0.0)	(199, 0.0)	(209, 0.0)	(220, 0.0)	(231, 0.0)	(242, 0.0)	(254, 0.0)	(267, 0.0)	(280, 0.0)	(293, 0.0)	(308, 0.0)	(323, 0.0)	(339, 0.002109304140564028)	(356, 0.002109304140564028)	(373, 0.002109304140564028)	(392, 0.002109304140564028)	(411, 0.002109304140564028)	(432, 0.002109304140564028)	(453, 0.002109304140564028)	(476, 0.002109304140564028)	(499, 0.002109304140564028)	(524, 0.002109304140564028)	(550, 0.002109304140564028)	(577, 0.002109304140564028)	(606, 0.002109304140564028)	(636, 0.002109304140564028)	(667, 0.002109304140564028)	(700, 0.002109304140564028)	(735, 0.002109304140564028)	(771, 0.002109304140564028)	(809, 0.002109304140564028)	(849, 0.002109304140564028)	(892, 0.002109304140564028)	(936, 0.002109304140564028)	(982, 0.002109304140564028)	(1030, 0.002109304140564028)	(1081, 0.002109304140564028)	(1135, 0.002109304140564028)	(1191, 0.002109304140564028)	(1250, 0.002109304140564028)	(1312, 0.002109304140564028)	(1377, 0.002109304140564028)	(1445, 0.002109304140564028)	(1517, 0.002109304140564028)	(1592, 0.002109304140564028)	(1671, 0.002109304140564028)	(1754, 0.002109304140564028)	(1841, 0.002109304140564028)	(1932, 0.002109304140564028)	(2027, 0.002109304140564028)	(2128, 0.002109304140564028)	(2233, 0.002109304140564028)	(2344, 0.002109304140564028)	(2460, 0.002109304140564028)	(2581, 0.002109304140564028)	(2709, 0.002109304140564028)	(2843, 0.002109304140564028)	(2984, 0.002109304140564028)	(3132, 0.002109304140564028)	(3287, 0.002109304140564028)	(3450, 0.002109304140564028)	(3621, 0.002109304140564028)	(3800, 0.002109304140564028)	(3988, 0.002109304140564028)	(4186, 0.004218608281128056)	(4393, 0.004218608281128056)	(4611, 0.004218608281128056)	(4839, 0.004218608281128056)	(5079, 0.006327912421692084)	(5330, 0.008437216562256112)	(5594, 0.008437216562256112)	(5871, 0.008437216562256112)	(6162, 0.008437216562256112)	(6467, 0.008437216562256112)	(6787, 0.008437216562256112)	(7123, 0.008437216562256112)	(7476, 0.008437216562256112)	(7847, 0.008437216562256112)	(8235, 0.008437216562256112)	(8643, 0.008437216562256112)	(9071, 0.008437216562256112)	(9520, 0.008437216562256112)	(9992, 0.008437216562256112)	(10487, 0.008437216562256112)	(11006, 0.008437216562256112)	(11551, 0.008437216562256112)	(12123, 0.008437216562256112)	(12724, 0.008437216562256112)	(13354, 0.008437216562256112)	(14016, 0.008437216562256112)	(14710, 0.008437216562256112)	(15438, 0.008437216562256112)	(16203, 0.008437216562256112)	(17006, 0.008437216562256112)	(17848, 0.008437216562256112)	(18732, 0.008437216562256112)	(19660, 0.008437216562256112)	(20634, 0.008437216562256112)	(21656, 0.008437216562256112)	(22728, 0.008437216562256112)	(23854, 0.008437216562256112)	(25035, 0.008437216562256112)	(26275, 0.008437216562256112)														
m21094_260505_160002.hifi_reads.bc2002-PolyG	(3, 0.002109304140564028)	(8, 0.002109304140564028)	(13, 0.002109304140564028)	(18, 0.002109304140564028)	(23, 0.002109304140564028)	(29, 0.002109304140564028)	(34, 0.002109304140564028)	(39, 0.002109304140564028)	(44, 0.002109304140564028)	(50, 0.002109304140564028)	(56, 0.002109304140564028)	(61, 0.002109304140564028)	(67, 0.002109304140564028)	(74, 0.002109304140564028)	(82, 0.002109304140564028)	(88, 0.002109304140564028)	(95, 0.002109304140564028)	(102, 0.002109304140564028)	(107, 0.002109304140564028)	(112, 0.002109304140564028)	(117, 0.002109304140564028)	(123, 0.002109304140564028)	(129, 0.002109304140564028)	(136, 0.002109304140564028)	(142, 0.004218608281128056)	(149, 0.004218608281128056)	(157, 0.004218608281128056)	(164, 0.004218608281128056)	(172, 0.004218608281128056)	(181, 0.004218608281128056)	(190, 0.004218608281128056)	(199, 0.004218608281128056)	(209, 0.004218608281128056)	(220, 0.004218608281128056)	(231, 0.004218608281128056)	(242, 0.004218608281128056)	(254, 0.004218608281128056)	(267, 0.004218608281128056)	(280, 0.004218608281128056)	(293, 0.004218608281128056)	(308, 0.004218608281128056)	(323, 0.004218608281128056)	(339, 0.004218608281128056)	(356, 0.004218608281128056)	(373, 0.004218608281128056)	(392, 0.004218608281128056)	(411, 0.004218608281128056)	(432, 0.004218608281128056)	(453, 0.004218608281128056)	(476, 0.004218608281128056)	(499, 0.004218608281128056)	(524, 0.004218608281128056)	(550, 0.004218608281128056)	(577, 0.004218608281128056)	(606, 0.004218608281128056)	(636, 0.004218608281128056)	(667, 0.004218608281128056)	(700, 0.004218608281128056)	(735, 0.004218608281128056)	(771, 0.004218608281128056)	(809, 0.004218608281128056)	(849, 0.004218608281128056)	(892, 0.004218608281128056)	(936, 0.004218608281128056)	(982, 0.004218608281128056)	(1030, 0.004218608281128056)	(1081, 0.004218608281128056)	(1135, 0.004218608281128056)	(1191, 0.004218608281128056)	(1250, 0.004218608281128056)	(1312, 0.004218608281128056)	(1377, 0.004218608281128056)	(1445, 0.004218608281128056)	(1517, 0.004218608281128056)	(1592, 0.004218608281128056)	(1671, 0.004218608281128056)	(1754, 0.004218608281128056)	(1841, 0.004218608281128056)	(1932, 0.004218608281128056)	(2027, 0.004218608281128056)	(2128, 0.004218608281128056)	(2233, 0.004218608281128056)	(2344, 0.004218608281128056)	(2460, 0.004218608281128056)	(2581, 0.004218608281128056)	(2709, 0.004218608281128056)	(2843, 0.004218608281128056)	(2984, 0.004218608281128056)	(3132, 0.004218608281128056)	(3287, 0.004218608281128056)	(3450, 0.004218608281128056)	(3621, 0.004218608281128056)	(3800, 0.004218608281128056)	(3988, 0.006327912421692084)	(4186, 0.006327912421692084)	(4393, 0.008437216562256112)	(4611, 0.008437216562256112)	(4839, 0.008437216562256112)	(5079, 0.008437216562256112)	(5330, 0.008437216562256112)	(5594, 0.008437216562256112)	(5871, 0.008437216562256112)	(6162, 0.008437216562256112)	(6467, 0.008437216562256112)	(6787, 0.008437216562256112)	(7123, 0.008437216562256112)	(7476, 0.008437216562256112)	(7847, 0.008437216562256112)	(8235, 0.008437216562256112)	(8643, 0.008437216562256112)	(9071, 0.008437216562256112)	(9520, 0.008437216562256112)	(9992, 0.008437216562256112)	(10487, 0.008437216562256112)	(11006, 0.008437216562256112)	(11551, 0.008437216562256112)	(12123, 0.008437216562256112)	(12724, 0.008437216562256112)	(13354, 0.008437216562256112)	(14016, 0.008437216562256112)	(14710, 0.008437216562256112)	(15438, 0.008437216562256112)	(16203, 0.008437216562256112)	(17006, 0.008437216562256112)	(17848, 0.008437216562256112)	(18732, 0.008437216562256112)	(19660, 0.008437216562256112)	(20634, 0.008437216562256112)	(21656, 0.008437216562256112)	(22728, 0.008437216562256112)	(23854, 0.008437216562256112)	(25035, 0.008437216562256112)	(26275, 0.008437216562256112)														
m21094_260505_160002.hifi_reads.bc2003-PolyA	(3, 0.002101303859044537)	(8, 0.002101303859044537)	(13, 0.002101303859044537)	(18, 0.002101303859044537)	(23, 0.002101303859044537)	(29, 0.002101303859044537)	(34, 0.002101303859044537)	(39, 0.002101303859044537)	(44, 0.002101303859044537)	(50, 0.002101303859044537)	(56, 0.002101303859044537)	(61, 0.002101303859044537)	(67, 0.002101303859044537)	(74, 0.002101303859044537)	(82, 0.002101303859044537)	(88, 0.002101303859044537)	(95, 0.002101303859044537)	(102, 0.002101303859044537)	(107, 0.002101303859044537)	(112, 0.002101303859044537)	(117, 0.002101303859044537)	(123, 0.002101303859044537)	(129, 0.002101303859044537)	(136, 0.002101303859044537)	(142, 0.0026266298238056714)	(149, 0.0026266298238056714)	(157, 0.0026266298238056714)	(164, 0.0026266298238056714)	(172, 0.0026266298238056714)	(181, 0.0026266298238056714)	(190, 0.0026266298238056714)	(199, 0.0026266298238056714)	(209, 0.0026266298238056714)	(220, 0.0026266298238056714)	(231, 0.0026266298238056714)	(242, 0.0026266298238056714)	(254, 0.0026266298238056714)	(267, 0.0026266298238056714)	(280, 0.0026266298238056714)	(293, 0.0026266298238056714)	(308, 0.0026266298238056714)	(323, 0.0026266298238056714)	(339, 0.0026266298238056714)	(356, 0.0026266298238056714)	(373, 0.0026266298238056714)	(392, 0.0026266298238056714)	(411, 0.0026266298238056714)	(432, 0.0026266298238056714)	(453, 0.0026266298238056714)	(476, 0.0026266298238056714)	(499, 0.0026266298238056714)	(524, 0.0026266298238056714)	(550, 0.0026266298238056714)	(577, 0.0026266298238056714)	(606, 0.0026266298238056714)	(636, 0.0026266298238056714)	(667, 0.0026266298238056714)	(700, 0.0026266298238056714)	(735, 0.0026266298238056714)	(771, 0.0026266298238056714)	(809, 0.0026266298238056714)	(849, 0.0026266298238056714)	(892, 0.0026266298238056714)	(936, 0.0026266298238056714)	(982, 0.0026266298238056714)	(1030, 0.0026266298238056714)	(1081, 0.0026266298238056714)	(1135, 0.0026266298238056714)	(1191, 0.0031519557885668057)	(1250, 0.0031519557885668057)	(1312, 0.0031519557885668057)	(1377, 0.0031519557885668057)	(1445, 0.0031519557885668057)	(1517, 0.0031519557885668057)	(1592, 0.00367728175332794)	(1671, 0.00367728175332794)	(1754, 0.00367728175332794)	(1841, 0.00367728175332794)	(1932, 0.00367728175332794)	(2027, 0.00367728175332794)	(2128, 0.00367728175332794)	(2233, 0.004202607718089074)	(2344, 0.004202607718089074)	(2460, 0.004727933682850209)	(2581, 0.004727933682850209)	(2709, 0.004727933682850209)	(2843, 0.005253259647611343)	(2984, 0.0057785856123724775)	(3132, 0.0057785856123724775)	(3287, 0.0057785856123724775)	(3450, 0.0063039115771336115)	(3621, 0.006829237541894745)	(3800, 0.006829237541894745)	(3988, 0.006829237541894745)	(4186, 0.00735456350665588)	(4393, 0.007879889471417014)	(4611, 0.007879889471417014)	(4839, 0.008930541400939284)	(5079, 0.011557171224744955)	(5330, 0.011557171224744955)	(5594, 0.011557171224744955)	(5871, 0.012082497189506089)	(6162, 0.012082497189506089)	(6467, 0.012082497189506089)	(6787, 0.012082497189506089)	(7123, 0.012082497189506089)	(7476, 0.012082497189506089)	(7847, 0.012082497189506089)	(8235, 0.012082497189506089)	(8643, 0.012082497189506089)	(9071, 0.012082497189506089)	(9520, 0.012082497189506089)	(9992, 0.012082497189506089)	(10487, 0.012607823154267223)	(11006, 0.012607823154267223)	(11551, 0.012607823154267223)	(12123, 0.012607823154267223)	(12724, 0.012607823154267223)	(13354, 0.012607823154267223)	(14016, 0.013133149119028357)	(14710, 0.013133149119028357)	(15438, 0.013133149119028357)	(16203, 0.013133149119028357)	(17006, 0.013133149119028357)	(17848, 0.013133149119028357)	(18732, 0.013133149119028357)	(19660, 0.013133149119028357)	(20634, 0.013133149119028357)	(21656, 0.013133149119028357)	(22728, 0.013133149119028357)	(23854, 0.013133149119028357)	(25035, 0.013133149119028357)	(26275, 0.013133149119028357)	(27577, 0.013133149119028357)	(28943, 0.013133149119028357)	(30376, 0.013133149119028357)	(31881, 0.013133149119028357)	(33460, 0.013133149119028357)	(35117, 0.013133149119028357)	(36856, 0.013133149119028357)							
m21094_260505_160002.hifi_reads.bc2003-PolyG	(3, 0.0)	(8, 0.0005253259647611343)	(13, 0.0005253259647611343)	(18, 0.0005253259647611343)	(23, 0.0010506519295222685)	(29, 0.0010506519295222685)	(34, 0.0010506519295222685)	(39, 0.0010506519295222685)	(44, 0.0010506519295222685)	(50, 0.0010506519295222685)	(56, 0.0010506519295222685)	(61, 0.0010506519295222685)	(67, 0.0010506519295222685)	(74, 0.0010506519295222685)	(82, 0.0010506519295222685)	(88, 0.0010506519295222685)	(95, 0.0010506519295222685)	(102, 0.0010506519295222685)	(107, 0.0010506519295222685)	(112, 0.0010506519295222685)	(117, 0.0010506519295222685)	(123, 0.0010506519295222685)	(129, 0.0010506519295222685)	(136, 0.0010506519295222685)	(142, 0.0010506519295222685)	(149, 0.0010506519295222685)	(157, 0.0010506519295222685)	(164, 0.0010506519295222685)	(172, 0.0010506519295222685)	(181, 0.0010506519295222685)	(190, 0.0010506519295222685)	(199, 0.0010506519295222685)	(209, 0.0010506519295222685)	(220, 0.0010506519295222685)	(231, 0.0010506519295222685)	(242, 0.0010506519295222685)	(254, 0.0010506519295222685)	(267, 0.0010506519295222685)	(280, 0.0010506519295222685)	(293, 0.0010506519295222685)	(308, 0.002101303859044537)	(323, 0.002101303859044537)	(339, 0.002101303859044537)	(356, 0.002101303859044537)	(373, 0.002101303859044537)	(392, 0.002101303859044537)	(411, 0.002101303859044537)	(432, 0.002101303859044537)	(453, 0.002101303859044537)	(476, 0.002101303859044537)	(499, 0.002101303859044537)	(524, 0.002101303859044537)	(550, 0.0026266298238056714)	(577, 0.0026266298238056714)	(606, 0.0031519557885668057)	(636, 0.0031519557885668057)	(667, 0.0031519557885668057)	(700, 0.0031519557885668057)	(735, 0.0031519557885668057)	(771, 0.0031519557885668057)	(809, 0.0031519557885668057)	(849, 0.0031519557885668057)	(892, 0.0031519557885668057)	(936, 0.0031519557885668057)	(982, 0.0031519557885668057)	(1030, 0.0031519557885668057)	(1081, 0.0031519557885668057)	(1135, 0.0031519557885668057)	(1191, 0.0031519557885668057)	(1250, 0.00367728175332794)	(1312, 0.00367728175332794)	(1377, 0.00367728175332794)	(1445, 0.00367728175332794)	(1517, 0.004202607718089074)	(1592, 0.004202607718089074)	(1671, 0.004727933682850209)	(1754, 0.004727933682850209)	(1841, 0.004727933682850209)	(1932, 0.004727933682850209)	(2027, 0.004727933682850209)	(2128, 0.005253259647611343)	(2233, 0.005253259647611343)	(2344, 0.005253259647611343)	(2460, 0.005253259647611343)	(2581, 0.0057785856123724775)	(2709, 0.0057785856123724775)	(2843, 0.0057785856123724775)	(2984, 0.0057785856123724775)	(3132, 0.0057785856123724775)	(3287, 0.0063039115771336115)	(3450, 0.0063039115771336115)	(3621, 0.0063039115771336115)	(3800, 0.0063039115771336115)	(3988, 0.00735456350665588)	(4186, 0.00735456350665588)	(4393, 0.007879889471417014)	(4611, 0.007879889471417014)	(4839, 0.008930541400939284)	(5079, 0.009981193330461552)	(5330, 0.009981193330461552)	(5594, 0.009981193330461552)	(5871, 0.009981193330461552)	(6162, 0.009981193330461552)	(6467, 0.009981193330461552)	(6787, 0.009981193330461552)	(7123, 0.009981193330461552)	(7476, 0.009981193330461552)	(7847, 0.009981193330461552)	(8235, 0.009981193330461552)	(8643, 0.009981193330461552)	(9071, 0.009981193330461552)	(9520, 0.009981193330461552)	(9992, 0.009981193330461552)	(10487, 0.009981193330461552)	(11006, 0.009981193330461552)	(11551, 0.009981193330461552)	(12123, 0.009981193330461552)	(12724, 0.009981193330461552)	(13354, 0.009981193330461552)	(14016, 0.009981193330461552)	(14710, 0.009981193330461552)	(15438, 0.009981193330461552)	(16203, 0.009981193330461552)	(17006, 0.009981193330461552)	(17848, 0.009981193330461552)	(18732, 0.009981193330461552)	(19660, 0.009981193330461552)	(20634, 0.009981193330461552)	(21656, 0.009981193330461552)	(22728, 0.009981193330461552)	(23854, 0.009981193330461552)	(25035, 0.009981193330461552)	(26275, 0.009981193330461552)	(27577, 0.009981193330461552)	(28943, 0.009981193330461552)	(30376, 0.009981193330461552)	(31881, 0.009981193330461552)	(33460, 0.009981193330461552)	(35117, 0.009981193330461552)	(36856, 0.009981193330461552)							
m21094_260505_160002.hifi_reads.bc2004-PolyA	(3, 0.0)	(8, 0.0)	(13, 0.0)	(18, 0.0)	(23, 0.0)	(29, 0.0)	(34, 0.0)	(39, 0.0)	(44, 0.0)	(50, 0.0)	(56, 0.0)	(61, 0.0)	(67, 0.0)	(74, 0.0)	(82, 0.0)	(88, 0.0)	(95, 0.0)	(102, 0.0)	(107, 0.0)	(112, 0.0029422148993762504)	(117, 0.0029422148993762504)	(123, 0.0029422148993762504)	(129, 0.0029422148993762504)	(136, 0.0029422148993762504)	(142, 0.0029422148993762504)	(149, 0.0029422148993762504)	(157, 0.0029422148993762504)	(164, 0.0029422148993762504)	(172, 0.0029422148993762504)	(181, 0.0029422148993762504)	(190, 0.0029422148993762504)	(199, 0.0029422148993762504)	(209, 0.0029422148993762504)	(220, 0.0029422148993762504)	(231, 0.0029422148993762504)	(242, 0.0029422148993762504)	(254, 0.005884429798752501)	(267, 0.005884429798752501)	(280, 0.005884429798752501)	(293, 0.005884429798752501)	(308, 0.005884429798752501)	(323, 0.005884429798752501)	(339, 0.005884429798752501)	(356, 0.005884429798752501)	(373, 0.005884429798752501)	(392, 0.005884429798752501)	(411, 0.005884429798752501)	(432, 0.005884429798752501)	(453, 0.005884429798752501)	(476, 0.005884429798752501)	(499, 0.005884429798752501)	(524, 0.005884429798752501)	(550, 0.005884429798752501)	(577, 0.005884429798752501)	(606, 0.005884429798752501)	(636, 0.005884429798752501)	(667, 0.005884429798752501)	(700, 0.005884429798752501)	(735, 0.005884429798752501)	(771, 0.005884429798752501)	(809, 0.005884429798752501)	(849, 0.005884429798752501)	(892, 0.005884429798752501)	(936, 0.005884429798752501)	(982, 0.005884429798752501)	(1030, 0.005884429798752501)	(1081, 0.005884429798752501)	(1135, 0.005884429798752501)	(1191, 0.005884429798752501)	(1250, 0.005884429798752501)	(1312, 0.005884429798752501)	(1377, 0.005884429798752501)	(1445, 0.005884429798752501)	(1517, 0.005884429798752501)	(1592, 0.005884429798752501)	(1671, 0.005884429798752501)	(1754, 0.005884429798752501)	(1841, 0.005884429798752501)	(1932, 0.005884429798752501)	(2027, 0.005884429798752501)	(2128, 0.005884429798752501)	(2233, 0.005884429798752501)	(2344, 0.00882664469812875)	(2460, 0.00882664469812875)	(2581, 0.00882664469812875)	(2709, 0.00882664469812875)	(2843, 0.00882664469812875)	(2984, 0.00882664469812875)	(3132, 0.00882664469812875)	(3287, 0.011768859597505002)	(3450, 0.011768859597505002)	(3621, 0.011768859597505002)	(3800, 0.014711074496881252)	(3988, 0.014711074496881252)	(4186, 0.014711074496881252)	(4393, 0.014711074496881252)	(4611, 0.0176532893962575)	(4839, 0.023537719195010003)	(5079, 0.026479934094386252)	(5330, 0.026479934094386252)	(5594, 0.026479934094386252)	(5871, 0.026479934094386252)	(6162, 0.026479934094386252)	(6467, 0.026479934094386252)	(6787, 0.026479934094386252)	(7123, 0.026479934094386252)	(7476, 0.026479934094386252)	(7847, 0.026479934094386252)	(8235, 0.026479934094386252)	(8643, 0.026479934094386252)	(9071, 0.026479934094386252)	(9520, 0.026479934094386252)	(9992, 0.026479934094386252)	(10487, 0.026479934094386252)	(11006, 0.026479934094386252)	(11551, 0.026479934094386252)	(12123, 0.026479934094386252)	(12724, 0.026479934094386252)	(13354, 0.026479934094386252)	(14016, 0.026479934094386252)	(14710, 0.026479934094386252)	(15438, 0.026479934094386252)	(16203, 0.026479934094386252)	(17006, 0.026479934094386252)	(17848, 0.026479934094386252)	(18732, 0.026479934094386252)	(19660, 0.026479934094386252)	(20634, 0.026479934094386252)	(21656, 0.026479934094386252)	(22728, 0.026479934094386252)	(23854, 0.026479934094386252)	(25035, 0.026479934094386252)	(26275, 0.026479934094386252)	(27577, 0.026479934094386252)	(28943, 0.026479934094386252)	(30376, 0.026479934094386252)											
m21094_260505_160002.hifi_reads.bc2004-PolyG	(3, 0.005884429798752501)	(8, 0.005884429798752501)	(13, 0.005884429798752501)	(18, 0.005884429798752501)	(23, 0.005884429798752501)	(29, 0.005884429798752501)	(34, 0.005884429798752501)	(39, 0.005884429798752501)	(44, 0.005884429798752501)	(50, 0.005884429798752501)	(56, 0.005884429798752501)	(61, 0.005884429798752501)	(67, 0.005884429798752501)	(74, 0.005884429798752501)	(82, 0.005884429798752501)	(88, 0.005884429798752501)	(95, 0.005884429798752501)	(102, 0.005884429798752501)	(107, 0.005884429798752501)	(112, 0.005884429798752501)	(117, 0.005884429798752501)	(123, 0.005884429798752501)	(129, 0.005884429798752501)	(136, 0.005884429798752501)	(142, 0.005884429798752501)	(149, 0.005884429798752501)	(157, 0.005884429798752501)	(164, 0.005884429798752501)	(172, 0.005884429798752501)	(181, 0.005884429798752501)	(190, 0.005884429798752501)	(199, 0.005884429798752501)	(209, 0.005884429798752501)	(220, 0.005884429798752501)	(231, 0.005884429798752501)	(242, 0.005884429798752501)	(254, 0.005884429798752501)	(267, 0.005884429798752501)	(280, 0.005884429798752501)	(293, 0.005884429798752501)	(308, 0.005884429798752501)	(323, 0.005884429798752501)	(339, 0.005884429798752501)	(356, 0.005884429798752501)	(373, 0.005884429798752501)	(392, 0.005884429798752501)	(411, 0.005884429798752501)	(432, 0.005884429798752501)	(453, 0.005884429798752501)	(476, 0.005884429798752501)	(499, 0.005884429798752501)	(524, 0.005884429798752501)	(550, 0.005884429798752501)	(577, 0.005884429798752501)	(606, 0.005884429798752501)	(636, 0.005884429798752501)	(667, 0.00882664469812875)	(700, 0.00882664469812875)	(735, 0.00882664469812875)	(771, 0.00882664469812875)	(809, 0.00882664469812875)	(849, 0.00882664469812875)	(892, 0.00882664469812875)	(936, 0.00882664469812875)	(982, 0.00882664469812875)	(1030, 0.00882664469812875)	(1081, 0.00882664469812875)	(1135, 0.00882664469812875)	(1191, 0.00882664469812875)	(1250, 0.00882664469812875)	(1312, 0.00882664469812875)	(1377, 0.00882664469812875)	(1445, 0.011768859597505002)	(1517, 0.011768859597505002)	(1592, 0.011768859597505002)	(1671, 0.011768859597505002)	(1754, 0.011768859597505002)	(1841, 0.011768859597505002)	(1932, 0.011768859597505002)	(2027, 0.011768859597505002)	(2128, 0.011768859597505002)	(2233, 0.011768859597505002)	(2344, 0.011768859597505002)	(2460, 0.011768859597505002)	(2581, 0.011768859597505002)	(2709, 0.011768859597505002)	(2843, 0.011768859597505002)	(2984, 0.011768859597505002)	(3132, 0.011768859597505002)	(3287, 0.011768859597505002)	(3450, 0.011768859597505002)	(3621, 0.011768859597505002)	(3800, 0.011768859597505002)	(3988, 0.014711074496881252)	(4186, 0.014711074496881252)	(4393, 0.014711074496881252)	(4611, 0.014711074496881252)	(4839, 0.014711074496881252)	(5079, 0.014711074496881252)	(5330, 0.014711074496881252)	(5594, 0.014711074496881252)	(5871, 0.014711074496881252)	(6162, 0.014711074496881252)	(6467, 0.014711074496881252)	(6787, 0.014711074496881252)	(7123, 0.014711074496881252)	(7476, 0.014711074496881252)	(7847, 0.014711074496881252)	(8235, 0.014711074496881252)	(8643, 0.014711074496881252)	(9071, 0.014711074496881252)	(9520, 0.014711074496881252)	(9992, 0.014711074496881252)	(10487, 0.014711074496881252)	(11006, 0.014711074496881252)	(11551, 0.014711074496881252)	(12123, 0.014711074496881252)	(12724, 0.014711074496881252)	(13354, 0.014711074496881252)	(14016, 0.014711074496881252)	(14710, 0.014711074496881252)	(15438, 0.014711074496881252)	(16203, 0.014711074496881252)	(17006, 0.014711074496881252)	(17848, 0.014711074496881252)	(18732, 0.014711074496881252)	(19660, 0.014711074496881252)	(20634, 0.014711074496881252)	(21656, 0.014711074496881252)	(22728, 0.014711074496881252)	(23854, 0.014711074496881252)	(25035, 0.014711074496881252)	(26275, 0.014711074496881252)	(27577, 0.014711074496881252)	(28943, 0.014711074496881252)	(30376, 0.014711074496881252)											
m21094_260505_160002.hifi_reads.bc2005-Illumina Small RNA 5' adapter	(3, 0.0)	(8, 0.0)	(13, 0.0)	(18, 0.0)	(23, 0.0)	(29, 0.0)	(34, 0.0)	(39, 0.0)	(44, 0.0)	(50, 0.0)	(56, 0.0)	(61, 0.0)	(67, 0.0)	(74, 0.0)	(82, 0.0)	(88, 0.0)	(95, 0.0)	(102, 0.0)	(107, 0.0)	(112, 0.0)	(117, 0.0)	(123, 0.0)	(129, 0.0)	(136, 0.0)	(142, 0.0)	(149, 0.0)	(157, 0.0)	(164, 0.0)	(172, 0.0)	(181, 0.0)	(190, 0.0)	(199, 0.0)	(209, 0.0)	(220, 0.0)	(231, 0.0)	(242, 0.0)	(254, 0.0)	(267, 0.0)	(280, 0.0)	(293, 0.0)	(308, 0.0)	(323, 0.0)	(339, 0.0)	(356, 0.0)	(373, 0.0)	(392, 0.0)	(411, 0.0)	(432, 0.0)	(453, 0.0)	(476, 0.0)	(499, 0.0)	(524, 0.0)	(550, 0.0)	(577, 0.0)	(606, 0.0)	(636, 0.0)	(667, 0.0)	(700, 0.0)	(735, 0.0)	(771, 0.0)	(809, 0.0)	(849, 0.0)	(892, 0.0)	(936, 0.0)	(982, 0.0)	(1030, 0.0)	(1081, 0.0)	(1135, 0.0)	(1191, 0.0)	(1250, 0.0)	(1312, 0.0)	(1377, 0.0)	(1445, 0.0)	(1517, 0.0)	(1592, 0.0)	(1671, 0.0)	(1754, 0.0)	(1841, 0.0)	(1932, 0.0)	(2027, 0.0)	(2128, 0.0)	(2233, 0.0)	(2344, 0.0)	(2460, 0.0)	(2581, 0.0)	(2709, 0.0)	(2843, 0.0)	(2984, 0.0)	(3132, 0.0)	(3287, 0.0)	(3450, 0.0)	(3621, 0.0)	(3800, 0.0)	(3988, 0.0)	(4186, 0.0)	(4393, 0.0)	(4611, 0.0)	(4839, 0.0)	(5079, 0.004505316273202379)	(5330, 0.004505316273202379)	(5594, 0.004505316273202379)	(5871, 0.004505316273202379)	(6162, 0.004505316273202379)	(6467, 0.004505316273202379)	(6787, 0.004505316273202379)	(7123, 0.004505316273202379)	(7476, 0.004505316273202379)	(7847, 0.004505316273202379)	(8235, 0.004505316273202379)	(8643, 0.004505316273202379)	(9071, 0.004505316273202379)	(9520, 0.004505316273202379)	(9992, 0.004505316273202379)	(10487, 0.004505316273202379)	(11006, 0.004505316273202379)	(11551, 0.004505316273202379)	(12123, 0.004505316273202379)	(12724, 0.004505316273202379)	(13354, 0.004505316273202379)	(14016, 0.004505316273202379)	(14710, 0.004505316273202379)	(15438, 0.004505316273202379)	(16203, 0.004505316273202379)	(17006, 0.004505316273202379)	(17848, 0.004505316273202379)	(18732, 0.004505316273202379)	(19660, 0.004505316273202379)	(20634, 0.004505316273202379)	(21656, 0.004505316273202379)	(22728, 0.004505316273202379)	(23854, 0.004505316273202379)	(25035, 0.004505316273202379)	(26275, 0.004505316273202379)	(27577, 0.004505316273202379)	(28943, 0.004505316273202379)	(30376, 0.004505316273202379)	(31881, 0.004505316273202379)	(33460, 0.004505316273202379)	(35117, 0.004505316273202379)	(36856, 0.004505316273202379)	(38682, 0.004505316273202379)	(40597, 0.004505316273202379)	(42608, 0.004505316273202379)	(44719, 0.004505316273202379)	(46934, 0.004505316273202379)	(49258, 0.004505316273202379)	(51698, 0.004505316273202379)
m21094_260505_160002.hifi_reads.bc2005-PolyA	(3, 0.004505316273202379)	(8, 0.004505316273202379)	(13, 0.004505316273202379)	(18, 0.004505316273202379)	(23, 0.004505316273202379)	(29, 0.004505316273202379)	(34, 0.004505316273202379)	(39, 0.004505316273202379)	(44, 0.004505316273202379)	(50, 0.004505316273202379)	(56, 0.004505316273202379)	(61, 0.004505316273202379)	(67, 0.004505316273202379)	(74, 0.004505316273202379)	(82, 0.004505316273202379)	(88, 0.004505316273202379)	(95, 0.004505316273202379)	(102, 0.004505316273202379)	(107, 0.004505316273202379)	(112, 0.004505316273202379)	(117, 0.004505316273202379)	(123, 0.004505316273202379)	(129, 0.004505316273202379)	(136, 0.004505316273202379)	(142, 0.004505316273202379)	(149, 0.004505316273202379)	(157, 0.004505316273202379)	(164, 0.004505316273202379)	(172, 0.004505316273202379)	(181, 0.004505316273202379)	(190, 0.004505316273202379)	(199, 0.004505316273202379)	(209, 0.004505316273202379)	(220, 0.004505316273202379)	(231, 0.004505316273202379)	(242, 0.004505316273202379)	(254, 0.004505316273202379)	(267, 0.004505316273202379)	(280, 0.004505316273202379)	(293, 0.004505316273202379)	(308, 0.004505316273202379)	(323, 0.004505316273202379)	(339, 0.009010632546404758)	(356, 0.009010632546404758)	(373, 0.009010632546404758)	(392, 0.013515948819607137)	(411, 0.013515948819607137)	(432, 0.013515948819607137)	(453, 0.013515948819607137)	(476, 0.022526581366011895)	(499, 0.022526581366011895)	(524, 0.022526581366011895)	(550, 0.022526581366011895)	(577, 0.022526581366011895)	(606, 0.022526581366011895)	(636, 0.022526581366011895)	(667, 0.022526581366011895)	(700, 0.022526581366011895)	(735, 0.022526581366011895)	(771, 0.022526581366011895)	(809, 0.022526581366011895)	(849, 0.027031897639214274)	(892, 0.027031897639214274)	(936, 0.027031897639214274)	(982, 0.03153721391241665)	(1030, 0.08109569291764282)	(1081, 0.08109569291764282)	(1135, 0.08560100919084519)	(1191, 0.08560100919084519)	(1250, 0.08560100919084519)	(1312, 0.08560100919084519)	(1377, 0.09010632546404758)	(1445, 0.09010632546404758)	(1517, 0.09010632546404758)	(1592, 0.09010632546404758)	(1671, 0.09010632546404758)	(1754, 0.09010632546404758)	(1841, 0.09010632546404758)	(1932, 0.09461164173724995)	(2027, 0.09461164173724995)	(2128, 0.09461164173724995)	(2233, 0.09461164173724995)	(2344, 0.09911695801045234)	(2460, 0.09911695801045234)	(2581, 0.09911695801045234)	(2709, 0.09911695801045234)	(2843, 0.09911695801045234)	(2984, 0.09911695801045234)	(3132, 0.09911695801045234)	(3287, 0.09911695801045234)	(3450, 0.09911695801045234)	(3621, 0.09911695801045234)	(3800, 0.09911695801045234)	(3988, 0.10362227428365471)	(4186, 0.10362227428365471)	(4393, 0.10362227428365471)	(4611, 0.10362227428365471)	(4839, 0.10362227428365471)	(5079, 0.10362227428365471)	(5330, 0.1081275905568571)	(5594, 0.11713822310326184)	(5871, 0.12164353937646423)	(6162, 0.1261488556496666)	(6467, 0.17120201838169039)	(6787, 0.17570733465489277)	(7123, 0.17570733465489277)	(7476, 0.17570733465489277)	(7847, 0.17570733465489277)	(8235, 0.17570733465489277)	(8643, 0.18021265092809516)	(9071, 0.18021265092809516)	(9520, 0.18021265092809516)	(9992, 0.18021265092809516)	(10487, 0.18471796720129754)	(11006, 0.1937285997477023)	(11551, 0.20273923229410704)	(12123, 0.20273923229410704)	(12724, 0.20273923229410704)	(13354, 0.20273923229410704)	(14016, 0.20273923229410704)	(14710, 0.20273923229410704)	(15438, 0.20273923229410704)	(16203, 0.20273923229410704)	(17006, 0.20273923229410704)	(17848, 0.20273923229410704)	(18732, 0.20273923229410704)	(19660, 0.20273923229410704)	(20634, 0.20273923229410704)	(21656, 0.20273923229410704)	(22728, 0.20273923229410704)	(23854, 0.20273923229410704)	(25035, 0.20273923229410704)	(26275, 0.20273923229410704)	(27577, 0.20273923229410704)	(28943, 0.20273923229410704)	(30376, 0.20273923229410704)	(31881, 0.20273923229410704)	(33460, 0.20273923229410704)	(35117, 0.20273923229410704)	(36856, 0.20273923229410704)	(38682, 0.20273923229410704)	(40597, 0.20273923229410704)	(42608, 0.20273923229410704)	(44719, 0.20273923229410704)	(46934, 0.20273923229410704)	(49258, 0.20273923229410704)	(51698, 0.20273923229410704)
m21094_260505_160002.hifi_reads.bc2005-PolyG	(3, 0.0)	(8, 0.0)	(13, 0.0)	(18, 0.0)	(23, 0.0)	(29, 0.0)	(34, 0.0)	(39, 0.0)	(44, 0.0)	(50, 0.0)	(56, 0.0)	(61, 0.0)	(67, 0.0)	(74, 0.0)	(82, 0.0)	(88, 0.0)	(95, 0.0)	(102, 0.0)	(107, 0.0)	(112, 0.0)	(117, 0.0)	(123, 0.0)	(129, 0.0)	(136, 0.0)	(142, 0.0)	(149, 0.0)	(157, 0.0)	(164, 0.0)	(172, 0.0)	(181, 0.0)	(190, 0.0)	(199, 0.0)	(209, 0.0)	(220, 0.0)	(231, 0.0)	(242, 0.0)	(254, 0.0)	(267, 0.0)	(280, 0.0)	(293, 0.0)	(308, 0.0)	(323, 0.0)	(339, 0.0)	(356, 0.0)	(373, 0.0)	(392, 0.0)	(411, 0.0)	(432, 0.0)	(453, 0.0)	(476, 0.0)	(499, 0.0)	(524, 0.0)	(550, 0.0)	(577, 0.0)	(606, 0.0)	(636, 0.0)	(667, 0.0)	(700, 0.0)	(735, 0.0)	(771, 0.0)	(809, 0.0)	(849, 0.0)	(892, 0.0)	(936, 0.0)	(982, 0.0)	(1030, 0.0)	(1081, 0.0)	(1135, 0.0)	(1191, 0.0)	(1250, 0.0)	(1312, 0.0)	(1377, 0.0)	(1445, 0.0)	(1517, 0.0)	(1592, 0.0)	(1671, 0.0)	(1754, 0.0)	(1841, 0.0)	(1932, 0.0)	(2027, 0.0)	(2128, 0.0)	(2233, 0.0)	(2344, 0.0)	(2460, 0.0)	(2581, 0.0)	(2709, 0.0)	(2843, 0.0)	(2984, 0.0)	(3132, 0.0)	(3287, 0.0)	(3450, 0.0)	(3621, 0.0)	(3800, 0.0)	(3988, 0.0)	(4186, 0.0)	(4393, 0.0)	(4611, 0.0)	(4839, 0.0)	(5079, 0.0)	(5330, 0.0)	(5594, 0.0)	(5871, 0.0)	(6162, 0.0)	(6467, 0.0)	(6787, 0.0)	(7123, 0.0)	(7476, 0.004505316273202379)	(7847, 0.004505316273202379)	(8235, 0.004505316273202379)	(8643, 0.004505316273202379)	(9071, 0.004505316273202379)	(9520, 0.004505316273202379)	(9992, 0.004505316273202379)	(10487, 0.004505316273202379)	(11006, 0.004505316273202379)	(11551, 0.004505316273202379)	(12123, 0.004505316273202379)	(12724, 0.004505316273202379)	(13354, 0.004505316273202379)	(14016, 0.004505316273202379)	(14710, 0.004505316273202379)	(15438, 0.004505316273202379)	(16203, 0.004505316273202379)	(17006, 0.004505316273202379)	(17848, 0.004505316273202379)	(18732, 0.004505316273202379)	(19660, 0.004505316273202379)	(20634, 0.004505316273202379)	(21656, 0.004505316273202379)	(22728, 0.004505316273202379)	(23854, 0.004505316273202379)	(25035, 0.004505316273202379)	(26275, 0.004505316273202379)	(27577, 0.004505316273202379)	(28943, 0.004505316273202379)	(30376, 0.004505316273202379)	(31881, 0.004505316273202379)	(33460, 0.004505316273202379)	(35117, 0.004505316273202379)	(36856, 0.004505316273202379)	(38682, 0.004505316273202379)	(40597, 0.004505316273202379)	(42608, 0.004505316273202379)	(44719, 0.004505316273202379)	(46934, 0.004505316273202379)	(49258, 0.004505316273202379)	(51698, 0.004505316273202379)
m21094_260505_160002.hifi_reads.bc2006-PolyA	(3, 0.012917184699594724)	(8, 0.014531832787044063)	(13, 0.014531832787044063)	(18, 0.014531832787044063)	(23, 0.014531832787044063)	(29, 0.014531832787044063)	(34, 0.014531832787044063)	(39, 0.014531832787044063)	(44, 0.014531832787044063)	(50, 0.014531832787044063)	(56, 0.014531832787044063)	(61, 0.014531832787044063)	(67, 0.014531832787044063)	(74, 0.014531832787044063)	(82, 0.014531832787044063)	(88, 0.014531832787044063)	(95, 0.014531832787044063)	(102, 0.014531832787044063)	(107, 0.014531832787044063)	(112, 0.014531832787044063)	(117, 0.014531832787044063)	(123, 0.014531832787044063)	(129, 0.014531832787044063)	(136, 0.014531832787044063)	(142, 0.014531832787044063)	(149, 0.014531832787044063)	(157, 0.014531832787044063)	(164, 0.014531832787044063)	(172, 0.014531832787044063)	(181, 0.014531832787044063)	(190, 0.014531832787044063)	(199, 0.014531832787044063)	(209, 0.014531832787044063)	(220, 0.014531832787044063)	(231, 0.014531832787044063)	(242, 0.014531832787044063)	(254, 0.014531832787044063)	(267, 0.014531832787044063)	(280, 0.014531832787044063)	(293, 0.014531832787044063)	(308, 0.014531832787044063)	(323, 0.014531832787044063)	(339, 0.014531832787044063)	(356, 0.014531832787044063)	(373, 0.014531832787044063)	(392, 0.016146480874493403)	(411, 0.016146480874493403)	(432, 0.020990425136841427)	(453, 0.020990425136841427)	(476, 0.020990425136841427)	(499, 0.020990425136841427)	(524, 0.022605073224290766)	(550, 0.022605073224290766)	(577, 0.022605073224290766)	(606, 0.022605073224290766)	(636, 0.022605073224290766)	(667, 0.022605073224290766)	(700, 0.022605073224290766)	(735, 0.022605073224290766)	(771, 0.022605073224290766)	(809, 0.022605073224290766)	(849, 0.022605073224290766)	(892, 0.022605073224290766)	(936, 0.022605073224290766)	(982, 0.022605073224290766)	(1030, 0.022605073224290766)	(1081, 0.022605073224290766)	(1135, 0.022605073224290766)	(1191, 0.022605073224290766)	(1250, 0.022605073224290766)	(1312, 0.022605073224290766)	(1377, 0.022605073224290766)	(1445, 0.022605073224290766)	(1517, 0.022605073224290766)	(1592, 0.022605073224290766)	(1671, 0.022605073224290766)	(1754, 0.022605073224290766)	(1841, 0.022605073224290766)	(1932, 0.022605073224290766)	(2027, 0.022605073224290766)	(2128, 0.024219721311740106)	(2233, 0.024219721311740106)	(2344, 0.025834369399189448)	(2460, 0.025834369399189448)	(2581, 0.025834369399189448)	(2709, 0.025834369399189448)	(2843, 0.025834369399189448)	(2984, 0.027449017486638787)	(3132, 0.029063665574088127)	(3287, 0.029063665574088127)	(3450, 0.029063665574088127)	(3621, 0.029063665574088127)	(3800, 0.029063665574088127)	(3988, 0.029063665574088127)	(4186, 0.029063665574088127)	(4393, 0.029063665574088127)	(4611, 0.029063665574088127)	(4839, 0.029063665574088127)	(5079, 0.03390760983643615)	(5330, 0.03552225792388549)	(5594, 0.037136906011334826)	(5871, 0.037136906011334826)	(6162, 0.037136906011334826)	(6467, 0.037136906011334826)	(6787, 0.037136906011334826)	(7123, 0.037136906011334826)	(7476, 0.037136906011334826)	(7847, 0.037136906011334826)	(8235, 0.03875155409878417)	(8643, 0.03875155409878417)	(9071, 0.03875155409878417)	(9520, 0.03875155409878417)	(9992, 0.04036620218623351)	(10487, 0.04036620218623351)	(11006, 0.041980850273682854)	(11551, 0.041980850273682854)	(12123, 0.041980850273682854)	(12724, 0.041980850273682854)	(13354, 0.041980850273682854)	(14016, 0.041980850273682854)	(14710, 0.041980850273682854)	(15438, 0.041980850273682854)	(16203, 0.041980850273682854)	(17006, 0.041980850273682854)	(17848, 0.041980850273682854)	(18732, 0.041980850273682854)	(19660, 0.041980850273682854)	(20634, 0.041980850273682854)	(21656, 0.041980850273682854)	(22728, 0.041980850273682854)	(23854, 0.041980850273682854)	(25035, 0.041980850273682854)	(26275, 0.041980850273682854)	(27577, 0.041980850273682854)	(28943, 0.041980850273682854)	(30376, 0.041980850273682854)	(31881, 0.041980850273682854)	(33460, 0.041980850273682854)	(35117, 0.041980850273682854)	(36856, 0.041980850273682854)							
m21094_260505_160002.hifi_reads.bc2006-PolyG	(3, 0.0)	(8, 0.0)	(13, 0.0)	(18, 0.0)	(23, 0.0)	(29, 0.0)	(34, 0.0)	(39, 0.0)	(44, 0.0)	(50, 0.0)	(56, 0.0)	(61, 0.0)	(67, 0.0)	(74, 0.0)	(82, 0.0)	(88, 0.0)	(95, 0.0)	(102, 0.0)	(107, 0.0)	(112, 0.0)	(117, 0.0)	(123, 0.0)	(129, 0.0)	(136, 0.0)	(142, 0.0)	(149, 0.0)	(157, 0.0)	(164, 0.0)	(172, 0.0)	(181, 0.0)	(190, 0.0)	(199, 0.0)	(209, 0.0)	(220, 0.0)	(231, 0.0)	(242, 0.0)	(254, 0.0)	(267, 0.0)	(280, 0.0)	(293, 0.0)	(308, 0.0)	(323, 0.0)	(339, 0.0)	(356, 0.0)	(373, 0.0)	(392, 0.0)	(411, 0.0)	(432, 0.0)	(453, 0.0)	(476, 0.0)	(499, 0.0)	(524, 0.0)	(550, 0.0)	(577, 0.0)	(606, 0.0)	(636, 0.0)	(667, 0.0)	(700, 0.0)	(735, 0.0)	(771, 0.0)	(809, 0.0)	(849, 0.0)	(892, 0.0)	(936, 0.0)	(982, 0.0)	(1030, 0.0)	(1081, 0.0)	(1135, 0.0)	(1191, 0.0016146480874493405)	(1250, 0.0016146480874493405)	(1312, 0.0016146480874493405)	(1377, 0.0016146480874493405)	(1445, 0.0016146480874493405)	(1517, 0.0016146480874493405)	(1592, 0.0016146480874493405)	(1671, 0.003229296174898681)	(1754, 0.003229296174898681)	(1841, 0.003229296174898681)	(1932, 0.003229296174898681)	(2027, 0.003229296174898681)	(2128, 0.003229296174898681)	(2233, 0.003229296174898681)	(2344, 0.003229296174898681)	(2460, 0.003229296174898681)	(2581, 0.003229296174898681)	(2709, 0.003229296174898681)	(2843, 0.003229296174898681)	(2984, 0.003229296174898681)	(3132, 0.003229296174898681)	(3287, 0.003229296174898681)	(3450, 0.003229296174898681)	(3621, 0.003229296174898681)	(3800, 0.004843944262348021)	(3988, 0.004843944262348021)	(4186, 0.004843944262348021)	(4393, 0.004843944262348021)	(4611, 0.004843944262348021)	(4839, 0.004843944262348021)	(5079, 0.004843944262348021)	(5330, 0.004843944262348021)	(5594, 0.004843944262348021)	(5871, 0.004843944262348021)	(6162, 0.004843944262348021)	(6467, 0.004843944262348021)	(6787, 0.004843944262348021)	(7123, 0.004843944262348021)	(7476, 0.004843944262348021)	(7847, 0.004843944262348021)	(8235, 0.004843944262348021)	(8643, 0.004843944262348021)	(9071, 0.004843944262348021)	(9520, 0.004843944262348021)	(9992, 0.004843944262348021)	(10487, 0.004843944262348021)	(11006, 0.004843944262348021)	(11551, 0.004843944262348021)	(12123, 0.004843944262348021)	(12724, 0.004843944262348021)	(13354, 0.004843944262348021)	(14016, 0.004843944262348021)	(14710, 0.004843944262348021)	(15438, 0.004843944262348021)	(16203, 0.004843944262348021)	(17006, 0.004843944262348021)	(17848, 0.004843944262348021)	(18732, 0.004843944262348021)	(19660, 0.004843944262348021)	(20634, 0.004843944262348021)	(21656, 0.004843944262348021)	(22728, 0.004843944262348021)	(23854, 0.004843944262348021)	(25035, 0.004843944262348021)	(26275, 0.004843944262348021)	(27577, 0.004843944262348021)	(28943, 0.004843944262348021)	(30376, 0.004843944262348021)	(31881, 0.004843944262348021)	(33460, 0.004843944262348021)	(35117, 0.004843944262348021)	(36856, 0.004843944262348021)							
m21094_260505_160002.hifi_reads.bc2007-Oxford nanopore VN primer	(3, 0.0)	(8, 0.0)	(13, 0.0)	(18, 0.0)	(23, 0.0)	(29, 0.0)	(34, 0.0)	(39, 0.0)	(44, 0.0)	(50, 0.0)	(56, 0.0)	(61, 0.0)	(67, 0.0)	(74, 0.0)	(82, 0.0)	(88, 0.0)	(95, 0.0)	(102, 0.0)	(107, 0.0)	(112, 0.0)	(117, 0.0)	(123, 0.0)	(129, 0.0)	(136, 0.0)	(142, 0.0)	(149, 0.0)	(157, 0.0)	(164, 0.0)	(172, 0.0)	(181, 0.0)	(190, 0.0)	(199, 0.0)	(209, 0.0)	(220, 0.0)	(231, 0.0)	(242, 0.0)	(254, 0.0)	(267, 0.0)	(280, 0.0)	(293, 0.0)	(308, 0.0)	(323, 0.0)	(339, 0.0)	(356, 0.0)	(373, 0.0)	(392, 0.0)	(411, 0.0)	(432, 0.0)	(453, 0.0)	(476, 0.0)	(499, 0.0)	(524, 0.0)	(550, 0.0)	(577, 0.0)	(606, 0.0)	(636, 0.0)	(667, 0.0)	(700, 0.0)	(735, 0.0)	(771, 0.0)	(809, 0.0)	(849, 0.0)	(892, 0.0)	(936, 0.0)	(982, 0.0)	(1030, 0.0)	(1081, 0.0)	(1135, 0.0)	(1191, 0.0)	(1250, 0.0)	(1312, 0.0)	(1377, 0.0)	(1445, 0.0)	(1517, 0.0)	(1592, 0.0)	(1671, 0.0)	(1754, 0.0)	(1841, 0.0)	(1932, 0.0)	(2027, 0.0)	(2128, 0.0)	(2233, 0.0)	(2344, 0.0)	(2460, 0.0)	(2581, 0.0002527275622152076)	(2709, 0.0002527275622152076)	(2843, 0.0002527275622152076)	(2984, 0.0005054551244304152)	(3132, 0.0005054551244304152)	(3287, 0.0005054551244304152)	(3450, 0.0015163653732912458)	(3621, 0.01390001592183642)	(3800, 0.01390001592183642)	(3988, 0.01390001592183642)	(4186, 0.01390001592183642)	(4393, 0.01390001592183642)	(4611, 0.01390001592183642)	(4839, 0.01390001592183642)	(5079, 0.01390001592183642)	(5330, 0.01390001592183642)	(5594, 0.01390001592183642)	(5871, 0.01390001592183642)	(6162, 0.01390001592183642)	(6467, 0.01390001592183642)	(6787, 0.01390001592183642)	(7123, 0.01390001592183642)	(7476, 0.01390001592183642)	(7847, 0.01390001592183642)	(8235, 0.01390001592183642)	(8643, 0.014405471046266835)	(9071, 0.014405471046266835)	(9520, 0.014405471046266835)	(9992, 0.014405471046266835)	(10487, 0.014405471046266835)	(11006, 0.014405471046266835)	(11551, 0.014405471046266835)	(12123, 0.014405471046266835)	(12724, 0.014405471046266835)	(13354, 0.014405471046266835)	(14016, 0.014405471046266835)	(14710, 0.014405471046266835)	(15438, 0.014405471046266835)	(16203, 0.014405471046266835)	(17006, 0.014405471046266835)	(17848, 0.014405471046266835)	(18732, 0.014405471046266835)	(19660, 0.014405471046266835)	(20634, 0.014405471046266835)	(21656, 0.014405471046266835)	(22728, 0.014405471046266835)	(23854, 0.014405471046266835)	(25035, 0.014405471046266835)	(26275, 0.014405471046266835)	(27577, 0.014405471046266835)	(28943, 0.014405471046266835)	(30376, 0.014405471046266835)	(31881, 0.014405471046266835)	(33460, 0.014405471046266835)	(35117, 0.014405471046266835)	(36856, 0.014405471046266835)							
m21094_260505_160002.hifi_reads.bc2007-PolyA	(3, 0.0017690929355064534)	(8, 0.0017690929355064534)	(13, 0.002021820497721661)	(18, 0.0022745480599368688)	(23, 0.0022745480599368688)	(29, 0.0025272756221520762)	(34, 0.0025272756221520762)	(39, 0.0025272756221520762)	(44, 0.0025272756221520762)	(50, 0.0025272756221520762)	(56, 0.0025272756221520762)	(61, 0.0025272756221520762)	(67, 0.0025272756221520762)	(74, 0.002780003184367284)	(82, 0.002780003184367284)	(88, 0.002780003184367284)	(95, 0.002780003184367284)	(102, 0.002780003184367284)	(107, 0.002780003184367284)	(112, 0.002780003184367284)	(117, 0.002780003184367284)	(123, 0.002780003184367284)	(129, 0.002780003184367284)	(136, 0.002780003184367284)	(142, 0.0030327307465824915)	(149, 0.0030327307465824915)	(157, 0.0030327307465824915)	(164, 0.0030327307465824915)	(172, 0.0030327307465824915)	(181, 0.0030327307465824915)	(190, 0.0030327307465824915)	(199, 0.0030327307465824915)	(209, 0.0030327307465824915)	(220, 0.0030327307465824915)	(231, 0.0030327307465824915)	(242, 0.0030327307465824915)	(254, 0.0030327307465824915)	(267, 0.0030327307465824915)	(280, 0.0030327307465824915)	(293, 0.0030327307465824915)	(308, 0.0030327307465824915)	(323, 0.0030327307465824915)	(339, 0.0030327307465824915)	(356, 0.0030327307465824915)	(373, 0.0030327307465824915)	(392, 0.0030327307465824915)	(411, 0.0030327307465824915)	(432, 0.0030327307465824915)	(453, 0.0030327307465824915)	(476, 0.0030327307465824915)	(499, 0.0030327307465824915)	(524, 0.0030327307465824915)	(550, 0.0030327307465824915)	(577, 0.0030327307465824915)	(606, 0.0030327307465824915)	(636, 0.0030327307465824915)	(667, 0.0030327307465824915)	(700, 0.0030327307465824915)	(735, 0.0030327307465824915)	(771, 0.0030327307465824915)	(809, 0.0030327307465824915)	(849, 0.0030327307465824915)	(892, 0.0030327307465824915)	(936, 0.0030327307465824915)	(982, 0.0030327307465824915)	(1030, 0.0030327307465824915)	(1081, 0.003285458308797699)	(1135, 0.003285458308797699)	(1191, 0.003285458308797699)	(1250, 0.003285458308797699)	(1312, 0.003285458308797699)	(1377, 0.003285458308797699)	(1445, 0.003285458308797699)	(1517, 0.003285458308797699)	(1592, 0.003285458308797699)	(1671, 0.0037909134332281143)	(1754, 0.0037909134332281143)	(1841, 0.00429636855765853)	(1932, 0.0045490961198737375)	(2027, 0.0045490961198737375)	(2128, 0.0045490961198737375)	(2233, 0.0048018236820889446)	(2344, 0.0048018236820889446)	(2460, 0.0050545512443041524)	(2581, 0.00530727880651936)	(2709, 0.005560006368734568)	(2843, 0.005812733930949775)	(2984, 0.006065461493164983)	(3132, 0.006318189055380191)	(3287, 0.006823644179810606)	(3450, 0.007076371742025814)	(3621, 0.007329099304241022)	(3800, 0.007329099304241022)	(3988, 0.007329099304241022)	(4186, 0.007329099304241022)	(4393, 0.007834554428671436)	(4611, 0.007834554428671436)	(4839, 0.008087281990886644)	(5079, 0.00859273711531706)	(5330, 0.011878195424114758)	(5594, 0.012130922986329966)	(5871, 0.012130922986329966)	(6162, 0.012130922986329966)	(6467, 0.012130922986329966)	(6787, 0.012130922986329966)	(7123, 0.012130922986329966)	(7476, 0.012130922986329966)	(7847, 0.012130922986329966)	(8235, 0.012130922986329966)	(8643, 0.012130922986329966)	(9071, 0.012130922986329966)	(9520, 0.012130922986329966)	(9992, 0.012130922986329966)	(10487, 0.012130922986329966)	(11006, 0.012130922986329966)	(11551, 0.012130922986329966)	(12123, 0.012130922986329966)	(12724, 0.012130922986329966)	(13354, 0.012130922986329966)	(14016, 0.012130922986329966)	(14710, 0.012130922986329966)	(15438, 0.012130922986329966)	(16203, 0.012130922986329966)	(17006, 0.012130922986329966)	(17848, 0.012130922986329966)	(18732, 0.012130922986329966)	(19660, 0.012130922986329966)	(20634, 0.012130922986329966)	(21656, 0.012130922986329966)	(22728, 0.012130922986329966)	(23854, 0.012130922986329966)	(25035, 0.012130922986329966)	(26275, 0.012130922986329966)	(27577, 0.012130922986329966)	(28943, 0.012130922986329966)	(30376, 0.012130922986329966)	(31881, 0.012130922986329966)	(33460, 0.012130922986329966)	(35117, 0.012130922986329966)	(36856, 0.012130922986329966)							
m21094_260505_160002.hifi_reads.bc2007-PolyG	(3, 0.0015163653732912458)	(8, 0.0015163653732912458)	(13, 0.0015163653732912458)	(18, 0.0015163653732912458)	(23, 0.002021820497721661)	(29, 0.002021820497721661)	(34, 0.002021820497721661)	(39, 0.002021820497721661)	(44, 0.002021820497721661)	(50, 0.002021820497721661)	(56, 0.002021820497721661)	(61, 0.002021820497721661)	(67, 0.0022745480599368688)	(74, 0.0022745480599368688)	(82, 0.0022745480599368688)	(88, 0.0022745480599368688)	(95, 0.0022745480599368688)	(102, 0.0022745480599368688)	(107, 0.0022745480599368688)	(112, 0.0022745480599368688)	(117, 0.0022745480599368688)	(123, 0.0022745480599368688)	(129, 0.0022745480599368688)	(136, 0.0022745480599368688)	(142, 0.0022745480599368688)	(149, 0.0022745480599368688)	(157, 0.0022745480599368688)	(164, 0.0022745480599368688)	(172, 0.0022745480599368688)	(181, 0.0022745480599368688)	(190, 0.0025272756221520762)	(199, 0.0025272756221520762)	(209, 0.0025272756221520762)	(220, 0.0025272756221520762)	(231, 0.0025272756221520762)	(242, 0.0025272756221520762)	(254, 0.0025272756221520762)	(267, 0.0030327307465824915)	(280, 0.003285458308797699)	(293, 0.003285458308797699)	(308, 0.003285458308797699)	(323, 0.003285458308797699)	(339, 0.003285458308797699)	(356, 0.003285458308797699)	(373, 0.003285458308797699)	(392, 0.003285458308797699)	(411, 0.003285458308797699)	(432, 0.003285458308797699)	(453, 0.003285458308797699)	(476, 0.003285458308797699)	(499, 0.003285458308797699)	(524, 0.003538185871012907)	(550, 0.0037909134332281143)	(577, 0.004043640995443322)	(606, 0.004043640995443322)	(636, 0.00429636855765853)	(667, 0.0045490961198737375)	(700, 0.0045490961198737375)	(735, 0.0045490961198737375)	(771, 0.0048018236820889446)	(809, 0.0048018236820889446)	(849, 0.0048018236820889446)	(892, 0.0048018236820889446)	(936, 0.0048018236820889446)	(982, 0.0048018236820889446)	(1030, 0.0048018236820889446)	(1081, 0.0048018236820889446)	(1135, 0.0050545512443041524)	(1191, 0.0050545512443041524)	(1250, 0.00530727880651936)	(1312, 0.006065461493164983)	(1377, 0.006318189055380191)	(1445, 0.006570916617595398)	(1517, 0.006570916617595398)	(1592, 0.006570916617595398)	(1671, 0.006570916617595398)	(1754, 0.006570916617595398)	(1841, 0.007076371742025814)	(1932, 0.007076371742025814)	(2027, 0.007076371742025814)	(2128, 0.007329099304241022)	(2233, 0.007581826866456229)	(2344, 0.007581826866456229)	(2460, 0.007581826866456229)	(2581, 0.007834554428671436)	(2709, 0.007834554428671436)	(2843, 0.008087281990886644)	(2984, 0.008087281990886644)	(3132, 0.008340009553101851)	(3287, 0.008845464677532267)	(3450, 0.009350919801962683)	(3621, 0.009603647364177889)	(3800, 0.010361830050823513)	(3988, 0.01061455761303872)	(4186, 0.011120012737469136)	(4393, 0.011372740299684343)	(4611, 0.01162546786189955)	(4839, 0.01162546786189955)	(5079, 0.011878195424114758)	(5330, 0.014152743484051628)	(5594, 0.014405471046266835)	(5871, 0.014405471046266835)	(6162, 0.014405471046266835)	(6467, 0.014405471046266835)	(6787, 0.014405471046266835)	(7123, 0.014405471046266835)	(7476, 0.014405471046266835)	(7847, 0.014405471046266835)	(8235, 0.014405471046266835)	(8643, 0.014405471046266835)	(9071, 0.014405471046266835)	(9520, 0.014405471046266835)	(9992, 0.014405471046266835)	(10487, 0.014658198608482043)	(11006, 0.014658198608482043)	(11551, 0.014658198608482043)	(12123, 0.014658198608482043)	(12724, 0.014658198608482043)	(13354, 0.014658198608482043)	(14016, 0.014658198608482043)	(14710, 0.014658198608482043)	(15438, 0.014658198608482043)	(16203, 0.014658198608482043)	(17006, 0.014658198608482043)	(17848, 0.014658198608482043)	(18732, 0.014658198608482043)	(19660, 0.014658198608482043)	(20634, 0.014658198608482043)	(21656, 0.014658198608482043)	(22728, 0.014658198608482043)	(23854, 0.014658198608482043)	(25035, 0.014658198608482043)	(26275, 0.014658198608482043)	(27577, 0.014658198608482043)	(28943, 0.014658198608482043)	(30376, 0.014658198608482043)	(31881, 0.014658198608482043)	(33460, 0.014658198608482043)	(35117, 0.014658198608482043)	(36856, 0.014658198608482043)							
m21094_260505_160002.hifi_reads.bc2008-Oxford nanopore RT Primer (RTP)	(3, 0.007311010381634742)	(8, 0.007311010381634742)	(13, 0.007311010381634742)	(18, 0.007311010381634742)	(23, 0.007311010381634742)	(29, 0.007311010381634742)	(34, 0.007311010381634742)	(39, 0.007311010381634742)	(44, 0.007311010381634742)	(50, 0.007311010381634742)	(56, 0.007311010381634742)	(61, 0.007311010381634742)	(67, 0.007311010381634742)	(74, 0.007311010381634742)	(82, 0.007311010381634742)	(88, 0.007311010381634742)	(95, 0.007311010381634742)	(102, 0.007311010381634742)	(107, 0.007311010381634742)	(112, 0.007311010381634742)	(117, 0.007311010381634742)	(123, 0.007311010381634742)	(129, 0.007311010381634742)	(136, 0.007311010381634742)	(142, 0.007311010381634742)	(149, 0.007311010381634742)	(157, 0.007311010381634742)	(164, 0.007311010381634742)	(172, 0.007311010381634742)	(181, 0.007311010381634742)	(190, 0.007311010381634742)	(199, 0.007311010381634742)	(209, 0.007311010381634742)	(220, 0.007311010381634742)	(231, 0.007311010381634742)	(242, 0.007311010381634742)	(254, 0.007311010381634742)	(267, 0.007311010381634742)	(280, 0.007311010381634742)	(293, 0.007311010381634742)	(308, 0.007311010381634742)	(323, 0.007311010381634742)	(339, 0.007311010381634742)	(356, 0.007311010381634742)	(373, 0.007311010381634742)	(392, 0.007311010381634742)	(411, 0.007311010381634742)	(432, 0.007311010381634742)	(453, 0.007311010381634742)	(476, 0.007311010381634742)	(499, 0.007311010381634742)	(524, 0.007311010381634742)	(550, 0.007311010381634742)	(577, 0.007311010381634742)	(606, 0.007311010381634742)	(636, 0.007311010381634742)	(667, 0.007311010381634742)	(700, 0.007311010381634742)	(735, 0.007311010381634742)	(771, 0.007311010381634742)	(809, 0.007311010381634742)	(849, 0.007311010381634742)	(892, 0.007311010381634742)	(936, 0.007311010381634742)	(982, 0.007311010381634742)	(1030, 0.007311010381634742)	(1081, 0.007311010381634742)	(1135, 0.007311010381634742)	(1191, 0.007311010381634742)	(1250, 0.007311010381634742)	(1312, 0.007311010381634742)	(1377, 0.007311010381634742)	(1445, 0.007311010381634742)	(1517, 0.007311010381634742)	(1592, 0.007311010381634742)	(1671, 0.007311010381634742)	(1754, 0.007311010381634742)	(1841, 0.007311010381634742)	(1932, 0.007311010381634742)	(2027, 0.007311010381634742)	(2128, 0.007311010381634742)	(2233, 0.007311010381634742)	(2344, 0.007311010381634742)	(2460, 0.007311010381634742)	(2581, 0.007311010381634742)	(2709, 0.007311010381634742)	(2843, 0.007311010381634742)	(2984, 0.002437003460544914)	(3132, 0.002437003460544914)	(3287, 0.002437003460544914)	(3450, 0.002437003460544914)	(3621, 0.002437003460544914)	(3800, 0.002437003460544914)	(3988, 0.002437003460544914)	(4186, 0.002437003460544914)	(4393, 0.002437003460544914)	(4611, 0.002437003460544914)	(4839, 0.002437003460544914)	(5079, 0.002437003460544914)	(5330, 0.002437003460544914)	(5594, 0.002437003460544914)	(5871, 0.0)	(6162, 0.0)	(6467, 0.0)	(6787, 0.0)	(7123, 0.0)	(7476, 0.0)	(7847, 0.0)	(8235, 0.0)	(8643, 0.0)	(9071, 0.0)	(9520, 0.0)	(9992, 0.0)	(10487, 0.0)	(11006, 0.0)	(11551, 0.0)	(12123, 0.0)	(12724, 0.0)	(13354, 0.0)	(14016, 0.0)	(14710, 0.0)	(15438, 0.0)	(16203, 0.0)	(17006, 0.0)	(17848, 0.0)	(18732, 0.0)	(19660, 0.0)	(20634, 0.0)	(21656, 0.0)	(22728, 0.0)	(23854, 0.0)	(25035, 0.0)	(26275, 0.0)	(27577, 0.0)	(28943, 0.0)	(30376, 0.0)											
m21094_260505_160002.hifi_reads.bc2008-PolyA	(3, 0.004874006921089828)	(8, 0.004874006921089828)	(13, 0.004874006921089828)	(18, 0.004874006921089828)	(23, 0.004874006921089828)	(29, 0.004874006921089828)	(34, 0.004874006921089828)	(39, 0.004874006921089828)	(44, 0.004874006921089828)	(50, 0.004874006921089828)	(56, 0.004874006921089828)	(61, 0.004874006921089828)	(67, 0.004874006921089828)	(74, 0.004874006921089828)	(82, 0.004874006921089828)	(88, 0.004874006921089828)	(95, 0.004874006921089828)	(102, 0.004874006921089828)	(107, 0.004874006921089828)	(112, 0.004874006921089828)	(117, 0.004874006921089828)	(123, 0.004874006921089828)	(129, 0.004874006921089828)	(136, 0.004874006921089828)	(142, 0.004874006921089828)	(149, 0.004874006921089828)	(157, 0.004874006921089828)	(164, 0.004874006921089828)	(172, 0.004874006921089828)	(181, 0.004874006921089828)	(190, 0.004874006921089828)	(199, 0.004874006921089828)	(209, 0.004874006921089828)	(220, 0.004874006921089828)	(231, 0.004874006921089828)	(242, 0.004874006921089828)	(254, 0.004874006921089828)	(267, 0.004874006921089828)	(280, 0.004874006921089828)	(293, 0.004874006921089828)	(308, 0.004874006921089828)	(323, 0.004874006921089828)	(339, 0.004874006921089828)	(356, 0.004874006921089828)	(373, 0.004874006921089828)	(392, 0.004874006921089828)	(411, 0.004874006921089828)	(432, 0.004874006921089828)	(453, 0.004874006921089828)	(476, 0.004874006921089828)	(499, 0.004874006921089828)	(524, 0.004874006921089828)	(550, 0.004874006921089828)	(577, 0.004874006921089828)	(606, 0.004874006921089828)	(636, 0.004874006921089828)	(667, 0.004874006921089828)	(700, 0.004874006921089828)	(735, 0.004874006921089828)	(771, 0.004874006921089828)	(809, 0.004874006921089828)	(849, 0.004874006921089828)	(892, 0.004874006921089828)	(936, 0.004874006921089828)	(982, 0.004874006921089828)	(1030, 0.004874006921089828)	(1081, 0.004874006921089828)	(1135, 0.004874006921089828)	(1191, 0.004874006921089828)	(1250, 0.004874006921089828)	(1312, 0.004874006921089828)	(1377, 0.004874006921089828)	(1445, 0.004874006921089828)	(1517, 0.004874006921089828)	(1592, 0.004874006921089828)	(1671, 0.004874006921089828)	(1754, 0.004874006921089828)	(1841, 0.004874006921089828)	(1932, 0.004874006921089828)	(2027, 0.004874006921089828)	(2128, 0.004874006921089828)	(2233, 0.004874006921089828)	(2344, 0.004874006921089828)	(2460, 0.004874006921089828)	(2581, 0.004874006921089828)	(2709, 0.004874006921089828)	(2843, 0.004874006921089828)	(2984, 0.004874006921089828)	(3132, 0.004874006921089828)	(3287, 0.004874006921089828)	(3450, 0.004874006921089828)	(3621, 0.004874006921089828)	(3800, 0.004874006921089828)	(3988, 0.004874006921089828)	(4186, 0.004874006921089828)	(4393, 0.004874006921089828)	(4611, 0.004874006921089828)	(4839, 0.004874006921089828)	(5079, 0.009748013842179656)	(5330, 0.009748013842179656)	(5594, 0.009748013842179656)	(5871, 0.009748013842179656)	(6162, 0.009748013842179656)	(6467, 0.009748013842179656)	(6787, 0.009748013842179656)	(7123, 0.009748013842179656)	(7476, 0.009748013842179656)	(7847, 0.009748013842179656)	(8235, 0.009748013842179656)	(8643, 0.009748013842179656)	(9071, 0.009748013842179656)	(9520, 0.009748013842179656)	(9992, 0.009748013842179656)	(10487, 0.009748013842179656)	(11006, 0.009748013842179656)	(11551, 0.009748013842179656)	(12123, 0.009748013842179656)	(12724, 0.009748013842179656)	(13354, 0.009748013842179656)	(14016, 0.009748013842179656)	(14710, 0.009748013842179656)	(15438, 0.009748013842179656)	(16203, 0.009748013842179656)	(17006, 0.009748013842179656)	(17848, 0.009748013842179656)	(18732, 0.009748013842179656)	(19660, 0.009748013842179656)	(20634, 0.009748013842179656)	(21656, 0.009748013842179656)	(22728, 0.009748013842179656)	(23854, 0.009748013842179656)	(25035, 0.009748013842179656)	(26275, 0.009748013842179656)	(27577, 0.009748013842179656)	(28943, 0.009748013842179656)	(30376, 0.009748013842179656)											
m21094_260505_160002.hifi_reads.bc2008-PolyG	(3, 0.002437003460544914)	(8, 0.002437003460544914)	(13, 0.004874006921089828)	(18, 0.004874006921089828)	(23, 0.004874006921089828)	(29, 0.004874006921089828)	(34, 0.004874006921089828)	(39, 0.004874006921089828)	(44, 0.004874006921089828)	(50, 0.004874006921089828)	(56, 0.004874006921089828)	(61, 0.004874006921089828)	(67, 0.004874006921089828)	(74, 0.004874006921089828)	(82, 0.004874006921089828)	(88, 0.004874006921089828)	(95, 0.004874006921089828)	(102, 0.004874006921089828)	(107, 0.004874006921089828)	(112, 0.004874006921089828)	(117, 0.004874006921089828)	(123, 0.004874006921089828)	(129, 0.004874006921089828)	(136, 0.004874006921089828)	(142, 0.004874006921089828)	(149, 0.004874006921089828)	(157, 0.004874006921089828)	(164, 0.004874006921089828)	(172, 0.004874006921089828)	(181, 0.004874006921089828)	(190, 0.004874006921089828)	(199, 0.004874006921089828)	(209, 0.004874006921089828)	(220, 0.004874006921089828)	(231, 0.004874006921089828)	(242, 0.004874006921089828)	(254, 0.004874006921089828)	(267, 0.004874006921089828)	(280, 0.004874006921089828)	(293, 0.004874006921089828)	(308, 0.004874006921089828)	(323, 0.004874006921089828)	(339, 0.004874006921089828)	(356, 0.004874006921089828)	(373, 0.004874006921089828)	(392, 0.004874006921089828)	(411, 0.004874006921089828)	(432, 0.004874006921089828)	(453, 0.004874006921089828)	(476, 0.004874006921089828)	(499, 0.004874006921089828)	(524, 0.004874006921089828)	(550, 0.004874006921089828)	(577, 0.004874006921089828)	(606, 0.004874006921089828)	(636, 0.004874006921089828)	(667, 0.004874006921089828)	(700, 0.004874006921089828)	(735, 0.004874006921089828)	(771, 0.004874006921089828)	(809, 0.004874006921089828)	(849, 0.004874006921089828)	(892, 0.004874006921089828)	(936, 0.004874006921089828)	(982, 0.007311010381634742)	(1030, 0.007311010381634742)	(1081, 0.007311010381634742)	(1135, 0.007311010381634742)	(1191, 0.007311010381634742)	(1250, 0.007311010381634742)	(1312, 0.007311010381634742)	(1377, 0.007311010381634742)	(1445, 0.007311010381634742)	(1517, 0.007311010381634742)	(1592, 0.007311010381634742)	(1671, 0.007311010381634742)	(1754, 0.007311010381634742)	(1841, 0.007311010381634742)	(1932, 0.007311010381634742)	(2027, 0.007311010381634742)	(2128, 0.007311010381634742)	(2233, 0.007311010381634742)	(2344, 0.007311010381634742)	(2460, 0.007311010381634742)	(2581, 0.007311010381634742)	(2709, 0.007311010381634742)	(2843, 0.007311010381634742)	(2984, 0.007311010381634742)	(3132, 0.007311010381634742)	(3287, 0.007311010381634742)	(3450, 0.007311010381634742)	(3621, 0.007311010381634742)	(3800, 0.007311010381634742)	(3988, 0.009748013842179656)	(4186, 0.01218501730272457)	(4393, 0.01218501730272457)	(4611, 0.01218501730272457)	(4839, 0.01218501730272457)	(5079, 0.01218501730272457)	(5330, 0.01218501730272457)	(5594, 0.01218501730272457)	(5871, 0.01218501730272457)	(6162, 0.01218501730272457)	(6467, 0.01218501730272457)	(6787, 0.01218501730272457)	(7123, 0.01218501730272457)	(7476, 0.01218501730272457)	(7847, 0.01218501730272457)	(8235, 0.01218501730272457)	(8643, 0.01218501730272457)	(9071, 0.01218501730272457)	(9520, 0.01218501730272457)	(9992, 0.01218501730272457)	(10487, 0.01218501730272457)	(11006, 0.01218501730272457)	(11551, 0.01218501730272457)	(12123, 0.01218501730272457)	(12724, 0.01218501730272457)	(13354, 0.01218501730272457)	(14016, 0.01218501730272457)	(14710, 0.01218501730272457)	(15438, 0.01218501730272457)	(16203, 0.01218501730272457)	(17006, 0.01218501730272457)	(17848, 0.01218501730272457)	(18732, 0.01218501730272457)	(19660, 0.01218501730272457)	(20634, 0.01218501730272457)	(21656, 0.01218501730272457)	(22728, 0.01218501730272457)	(23854, 0.01218501730272457)	(25035, 0.01218501730272457)	(26275, 0.01218501730272457)	(27577, 0.01218501730272457)	(28943, 0.01218501730272457)	(30376, 0.01218501730272457)											
m21094_260505_160002.hifi_reads.bc2009-PolyA	(3, 0.00332708119325767)	(8, 0.00332708119325767)	(13, 0.003535023767836274)	(18, 0.003742966342414879)	(23, 0.003950908916993483)	(29, 0.004158851491572088)	(34, 0.004158851491572088)	(39, 0.004158851491572088)	(44, 0.004158851491572088)	(50, 0.004158851491572088)	(56, 0.004366794066150692)	(61, 0.004366794066150692)	(67, 0.004366794066150692)	(74, 0.004366794066150692)	(82, 0.004366794066150692)	(88, 0.004366794066150692)	(95, 0.004366794066150692)	(102, 0.004366794066150692)	(107, 0.004366794066150692)	(112, 0.004366794066150692)	(117, 0.004366794066150692)	(123, 0.004366794066150692)	(129, 0.004366794066150692)	(136, 0.004366794066150692)	(142, 0.004366794066150692)	(149, 0.004366794066150692)	(157, 0.004366794066150692)	(164, 0.004366794066150692)	(172, 0.004366794066150692)	(181, 0.004366794066150692)	(190, 0.004366794066150692)	(199, 0.004366794066150692)	(209, 0.004366794066150692)	(220, 0.004574736640729296)	(231, 0.004574736640729296)	(242, 0.004574736640729296)	(254, 0.004574736640729296)	(267, 0.004574736640729296)	(280, 0.004574736640729296)	(293, 0.004574736640729296)	(308, 0.004574736640729296)	(323, 0.004574736640729296)	(339, 0.004574736640729296)	(356, 0.004782679215307901)	(373, 0.004782679215307901)	(392, 0.004782679215307901)	(411, 0.004782679215307901)	(432, 0.004782679215307901)	(453, 0.004782679215307901)	(476, 0.004782679215307901)	(499, 0.004782679215307901)	(524, 0.004782679215307901)	(550, 0.004782679215307901)	(577, 0.004782679215307901)	(606, 0.004782679215307901)	(636, 0.004782679215307901)	(667, 0.004782679215307901)	(700, 0.004990621789886505)	(735, 0.004990621789886505)	(771, 0.004990621789886505)	(809, 0.004990621789886505)	(849, 0.004990621789886505)	(892, 0.004990621789886505)	(936, 0.004990621789886505)	(982, 0.004990621789886505)	(1030, 0.005198564364465109)	(1081, 0.005198564364465109)	(1135, 0.005198564364465109)	(1191, 0.005198564364465109)	(1250, 0.005198564364465109)	(1312, 0.005198564364465109)	(1377, 0.005614449513622318)	(1445, 0.005614449513622318)	(1517, 0.006030334662779527)	(1592, 0.006030334662779527)	(1671, 0.006030334662779527)	(1754, 0.00665416238651534)	(1841, 0.00665416238651534)	(1932, 0.006862104961093944)	(2027, 0.007070047535672548)	(2128, 0.007693875259408362)	(2233, 0.007693875259408362)	(2344, 0.007901817833986967)	(2460, 0.007901817833986967)	(2581, 0.008317702983144175)	(2709, 0.008733588132301384)	(2843, 0.009149473281458593)	(2984, 0.009357415856037197)	(3132, 0.00998124357977301)	(3287, 0.010397128728930219)	(3450, 0.010397128728930219)	(3621, 0.010397128728930219)	(3800, 0.010605071303508823)	(3988, 0.011020956452666032)	(4186, 0.011228899027244636)	(4393, 0.01143684160182324)	(4611, 0.01143684160182324)	(4839, 0.01143684160182324)	(5079, 0.012060669325559053)	(5330, 0.014971865369659516)	(5594, 0.014971865369659516)	(5871, 0.014971865369659516)	(6162, 0.014971865369659516)	(6467, 0.014971865369659516)	(6787, 0.014971865369659516)	(7123, 0.01517980794423812)	(7476, 0.015595693093395329)	(7847, 0.015595693093395329)	(8235, 0.015595693093395329)	(8643, 0.015595693093395329)	(9071, 0.015595693093395329)	(9520, 0.015595693093395329)	(9992, 0.015595693093395329)	(10487, 0.016011578242552536)	(11006, 0.016011578242552536)	(11551, 0.016011578242552536)	(12123, 0.016011578242552536)	(12724, 0.016011578242552536)	(13354, 0.016011578242552536)	(14016, 0.016011578242552536)	(14710, 0.016011578242552536)	(15438, 0.016011578242552536)	(16203, 0.016011578242552536)	(17006, 0.016011578242552536)	(17848, 0.016011578242552536)	(18732, 0.016011578242552536)	(19660, 0.016011578242552536)	(20634, 0.016011578242552536)	(21656, 0.016011578242552536)	(22728, 0.016011578242552536)	(23854, 0.016011578242552536)	(25035, 0.016011578242552536)	(26275, 0.016011578242552536)	(27577, 0.016011578242552536)	(28943, 0.016011578242552536)	(30376, 0.016011578242552536)	(31881, 0.016011578242552536)	(33460, 0.016011578242552536)	(35117, 0.016011578242552536)	(36856, 0.016011578242552536)	(38682, 0.016011578242552536)	(40597, 0.016011578242552536)	(42608, 0.016011578242552536)	(44719, 0.016011578242552536)			
m21094_260505_160002.hifi_reads.bc2009-PolyG	(3, 0.001663540596628835)	(8, 0.0018714831712074395)	(13, 0.0018714831712074395)	(18, 0.0018714831712074395)	(23, 0.0018714831712074395)	(29, 0.0018714831712074395)	(34, 0.002079425745786044)	(39, 0.002079425745786044)	(44, 0.002079425745786044)	(50, 0.002287368320364648)	(56, 0.002287368320364648)	(61, 0.002287368320364648)	(67, 0.002287368320364648)	(74, 0.002287368320364648)	(82, 0.002287368320364648)	(88, 0.002287368320364648)	(95, 0.0024953108949432525)	(102, 0.0024953108949432525)	(107, 0.0024953108949432525)	(112, 0.0024953108949432525)	(117, 0.0024953108949432525)	(123, 0.0024953108949432525)	(129, 0.0024953108949432525)	(136, 0.0024953108949432525)	(142, 0.0024953108949432525)	(149, 0.0024953108949432525)	(157, 0.0024953108949432525)	(164, 0.0024953108949432525)	(172, 0.002703253469521857)	(181, 0.002703253469521857)	(190, 0.002703253469521857)	(199, 0.002703253469521857)	(209, 0.002703253469521857)	(220, 0.002703253469521857)	(231, 0.002703253469521857)	(242, 0.002703253469521857)	(254, 0.002703253469521857)	(267, 0.002703253469521857)	(280, 0.002703253469521857)	(293, 0.002703253469521857)	(308, 0.002703253469521857)	(323, 0.002911196044100461)	(339, 0.002911196044100461)	(356, 0.002911196044100461)	(373, 0.002911196044100461)	(392, 0.002911196044100461)	(411, 0.002911196044100461)	(432, 0.002911196044100461)	(453, 0.002911196044100461)	(476, 0.002911196044100461)	(499, 0.002911196044100461)	(524, 0.002911196044100461)	(550, 0.002911196044100461)	(577, 0.002911196044100461)	(606, 0.002911196044100461)	(636, 0.002911196044100461)	(667, 0.0031191386186790655)	(700, 0.0031191386186790655)	(735, 0.0031191386186790655)	(771, 0.003535023767836274)	(809, 0.003535023767836274)	(849, 0.003535023767836274)	(892, 0.003535023767836274)	(936, 0.003535023767836274)	(982, 0.003535023767836274)	(1030, 0.003535023767836274)	(1081, 0.003535023767836274)	(1135, 0.003950908916993483)	(1191, 0.003950908916993483)	(1250, 0.003950908916993483)	(1312, 0.003950908916993483)	(1377, 0.003950908916993483)	(1445, 0.003950908916993483)	(1517, 0.003950908916993483)	(1592, 0.003950908916993483)	(1671, 0.003950908916993483)	(1754, 0.007070047535672548)	(1841, 0.007277990110251153)	(1932, 0.007277990110251153)	(2027, 0.007277990110251153)	(2128, 0.007277990110251153)	(2233, 0.007485932684829758)	(2344, 0.007485932684829758)	(2460, 0.007485932684829758)	(2581, 0.007693875259408362)	(2709, 0.007901817833986967)	(2843, 0.00810976040856557)	(2984, 0.00810976040856557)	(3132, 0.008317702983144175)	(3287, 0.008733588132301384)	(3450, 0.008733588132301384)	(3621, 0.008941530706879988)	(3800, 0.009149473281458593)	(3988, 0.009565358430615801)	(4186, 0.010397128728930219)	(4393, 0.010813013878087427)	(4611, 0.010813013878087427)	(4839, 0.011020956452666032)	(5079, 0.011852726750980449)	(5330, 0.01663540596628835)	(5594, 0.01663540596628835)	(5871, 0.01663540596628835)	(6162, 0.01663540596628835)	(6467, 0.01663540596628835)	(6787, 0.016843348540866953)	(7123, 0.01705129111544556)	(7476, 0.01705129111544556)	(7847, 0.01705129111544556)	(8235, 0.01705129111544556)	(8643, 0.01705129111544556)	(9071, 0.01705129111544556)	(9520, 0.01705129111544556)	(9992, 0.01705129111544556)	(10487, 0.01725923369002416)	(11006, 0.01725923369002416)	(11551, 0.01725923369002416)	(12123, 0.01725923369002416)	(12724, 0.01725923369002416)	(13354, 0.01725923369002416)	(14016, 0.01725923369002416)	(14710, 0.01725923369002416)	(15438, 0.01725923369002416)	(16203, 0.01725923369002416)	(17006, 0.01725923369002416)	(17848, 0.01725923369002416)	(18732, 0.01725923369002416)	(19660, 0.01725923369002416)	(20634, 0.01725923369002416)	(21656, 0.01725923369002416)	(22728, 0.01725923369002416)	(23854, 0.01725923369002416)	(25035, 0.01725923369002416)	(26275, 0.01725923369002416)	(27577, 0.01725923369002416)	(28943, 0.01725923369002416)	(30376, 0.01725923369002416)	(31881, 0.01725923369002416)	(33460, 0.01725923369002416)	(35117, 0.01725923369002416)	(36856, 0.01725923369002416)	(38682, 0.01725923369002416)	(40597, 0.01725923369002416)	(42608, 0.01725923369002416)	(44719, 0.01725923369002416)			
m21094_260505_160002.hifi_reads.bc2010-Oxford nanopore VN primer	(3, 0.0)	(8, 0.0)	(13, 0.0)	(18, 0.0)	(23, 0.0)	(29, 0.0)	(34, 0.0)	(39, 0.0)	(44, 0.0)	(50, 0.0)	(56, 0.0)	(61, 0.0)	(67, 0.0)	(74, 0.0)	(82, 0.0)	(88, 0.0)	(95, 0.0)	(102, 0.0)	(107, 0.0)	(112, 0.0)	(117, 0.0)	(123, 0.0)	(129, 0.0)	(136, 0.0)	(142, 0.0)	(149, 0.0)	(157, 0.0)	(164, 0.0)	(172, 0.0)	(181, 0.0)	(190, 0.0)	(199, 0.0)	(209, 0.0)	(220, 0.0)	(231, 0.0)	(242, 0.0)	(254, 0.0)	(267, 0.0)	(280, 0.0)	(293, 0.0)	(308, 0.0)	(323, 0.0)	(339, 0.0)	(356, 0.0)	(373, 0.0)	(392, 0.0)	(411, 0.0)	(432, 0.0)	(453, 0.0)	(476, 0.0)	(499, 0.0)	(524, 0.0)	(550, 0.0)	(577, 0.0)	(606, 0.0)	(636, 0.0)	(667, 0.0)	(700, 0.0)	(735, 0.0)	(771, 0.0)	(809, 0.0)	(849, 0.0)	(892, 0.0)	(936, 0.0)	(982, 0.0)	(1030, 0.0)	(1081, 0.0)	(1135, 0.0)	(1191, 0.0)	(1250, 0.0)	(1312, 0.0)	(1377, 0.0)	(1445, 0.0)	(1517, 0.0)	(1592, 0.0)	(1671, 0.0006118977396497498)	(1754, 0.0006118977396497498)	(1841, 0.0006118977396497498)	(1932, 0.0006118977396497498)	(2027, 0.0006118977396497498)	(2128, 0.0006118977396497498)	(2233, 0.0006118977396497498)	(2344, 0.0006118977396497498)	(2460, 0.0006118977396497498)	(2581, 0.0006118977396497498)	(2709, 0.0006118977396497498)	(2843, 0.0006118977396497498)	(2984, 0.0006118977396497498)	(3132, 0.0006118977396497498)	(3287, 0.0006118977396497498)	(3450, 0.0012237954792994996)	(3621, 0.0012237954792994996)	(3800, 0.0012237954792994996)	(3988, 0.0012237954792994996)	(4186, 0.0036713864378984983)	(4393, 0.0036713864378984983)	(4611, 0.0036713864378984983)	(4839, 0.0036713864378984983)	(5079, 0.0036713864378984983)	(5330, 0.0036713864378984983)	(5594, 0.0036713864378984983)	(5871, 0.0036713864378984983)	(6162, 0.0036713864378984983)	(6467, 0.0036713864378984983)	(6787, 0.0036713864378984983)	(7123, 0.0036713864378984983)	(7476, 0.0036713864378984983)	(7847, 0.0036713864378984983)	(8235, 0.0036713864378984983)	(8643, 0.0036713864378984983)	(9071, 0.0036713864378984983)	(9520, 0.0036713864378984983)	(9992, 0.0036713864378984983)	(10487, 0.0036713864378984983)	(11006, 0.0036713864378984983)	(11551, 0.0036713864378984983)	(12123, 0.0036713864378984983)	(12724, 0.0036713864378984983)	(13354, 0.0036713864378984983)	(14016, 0.0036713864378984983)	(14710, 0.0036713864378984983)	(15438, 0.0036713864378984983)	(16203, 0.0036713864378984983)	(17006, 0.0036713864378984983)	(17848, 0.0036713864378984983)	(18732, 0.0036713864378984983)	(19660, 0.0036713864378984983)	(20634, 0.0036713864378984983)	(21656, 0.0036713864378984983)	(22728, 0.0036713864378984983)	(23854, 0.0036713864378984983)	(25035, 0.0036713864378984983)	(26275, 0.0036713864378984983)	(27577, 0.0036713864378984983)	(28943, 0.0036713864378984983)	(30376, 0.0036713864378984983)											
m21094_260505_160002.hifi_reads.bc2010-PolyA	(3, 0.002447590958598999)	(8, 0.0030594886982487487)	(13, 0.0030594886982487487)	(18, 0.0036713864378984983)	(23, 0.0036713864378984983)	(29, 0.0036713864378984983)	(34, 0.0036713864378984983)	(39, 0.0036713864378984983)	(44, 0.0036713864378984983)	(50, 0.0036713864378984983)	(56, 0.0036713864378984983)	(61, 0.0036713864378984983)	(67, 0.0036713864378984983)	(74, 0.0036713864378984983)	(82, 0.0036713864378984983)	(88, 0.0036713864378984983)	(95, 0.0036713864378984983)	(102, 0.0036713864378984983)	(107, 0.0036713864378984983)	(112, 0.0036713864378984983)	(117, 0.0036713864378984983)	(123, 0.0036713864378984983)	(129, 0.0036713864378984983)	(136, 0.0036713864378984983)	(142, 0.0036713864378984983)	(149, 0.0036713864378984983)	(157, 0.0036713864378984983)	(164, 0.0036713864378984983)	(172, 0.0036713864378984983)	(181, 0.0036713864378984983)	(190, 0.0036713864378984983)	(199, 0.0036713864378984983)	(209, 0.0036713864378984983)	(220, 0.0036713864378984983)	(231, 0.004283284177548248)	(242, 0.004283284177548248)	(254, 0.004283284177548248)	(267, 0.004283284177548248)	(280, 0.004283284177548248)	(293, 0.004283284177548248)	(308, 0.004283284177548248)	(323, 0.004283284177548248)	(339, 0.004283284177548248)	(356, 0.004283284177548248)	(373, 0.004283284177548248)	(392, 0.004283284177548248)	(411, 0.004283284177548248)	(432, 0.004283284177548248)	(453, 0.004283284177548248)	(476, 0.004283284177548248)	(499, 0.004283284177548248)	(524, 0.004283284177548248)	(550, 0.004283284177548248)	(577, 0.004895181917197998)	(606, 0.004895181917197998)	(636, 0.004895181917197998)	(667, 0.004895181917197998)	(700, 0.004895181917197998)	(735, 0.004895181917197998)	(771, 0.004895181917197998)	(809, 0.004895181917197998)	(849, 0.005507079656847748)	(892, 0.005507079656847748)	(936, 0.005507079656847748)	(982, 0.005507079656847748)	(1030, 0.005507079656847748)	(1081, 0.005507079656847748)	(1135, 0.005507079656847748)	(1191, 0.005507079656847748)	(1250, 0.005507079656847748)	(1312, 0.006730875136147247)	(1377, 0.006730875136147247)	(1445, 0.006730875136147247)	(1517, 0.006730875136147247)	(1592, 0.006730875136147247)	(1671, 0.007342772875796997)	(1754, 0.007342772875796997)	(1841, 0.007342772875796997)	(1932, 0.007342772875796997)	(2027, 0.007342772875796997)	(2128, 0.007342772875796997)	(2233, 0.007954670615446746)	(2344, 0.007954670615446746)	(2460, 0.008566568355096496)	(2581, 0.008566568355096496)	(2709, 0.008566568355096496)	(2843, 0.008566568355096496)	(2984, 0.008566568355096496)	(3132, 0.008566568355096496)	(3287, 0.008566568355096496)	(3450, 0.008566568355096496)	(3621, 0.009178466094746245)	(3800, 0.009790363834395997)	(3988, 0.009790363834395997)	(4186, 0.009790363834395997)	(4393, 0.010402261574045746)	(4611, 0.011014159313695496)	(4839, 0.011014159313695496)	(5079, 0.012237954792994995)	(5330, 0.014073648011944244)	(5594, 0.014073648011944244)	(5871, 0.014073648011944244)	(6162, 0.014073648011944244)	(6467, 0.014073648011944244)	(6787, 0.014073648011944244)	(7123, 0.014685545751593993)	(7476, 0.014685545751593993)	(7847, 0.014685545751593993)	(8235, 0.014685545751593993)	(8643, 0.014685545751593993)	(9071, 0.014685545751593993)	(9520, 0.014685545751593993)	(9992, 0.014685545751593993)	(10487, 0.014685545751593993)	(11006, 0.014685545751593993)	(11551, 0.014685545751593993)	(12123, 0.014685545751593993)	(12724, 0.014685545751593993)	(13354, 0.014685545751593993)	(14016, 0.014685545751593993)	(14710, 0.014685545751593993)	(15438, 0.014685545751593993)	(16203, 0.014685545751593993)	(17006, 0.014685545751593993)	(17848, 0.014685545751593993)	(18732, 0.014685545751593993)	(19660, 0.014685545751593993)	(20634, 0.014685545751593993)	(21656, 0.014685545751593993)	(22728, 0.014685545751593993)	(23854, 0.014685545751593993)	(25035, 0.014685545751593993)	(26275, 0.014685545751593993)	(27577, 0.014685545751593993)	(28943, 0.014685545751593993)	(30376, 0.014685545751593993)											
m21094_260505_160002.hifi_reads.bc2010-PolyG	(3, 0.0006118977396497498)	(8, 0.0006118977396497498)	(13, 0.0012237954792994996)	(18, 0.0012237954792994996)	(23, 0.0012237954792994996)	(29, 0.0012237954792994996)	(34, 0.0018356932189492491)	(39, 0.0018356932189492491)	(44, 0.0018356932189492491)	(50, 0.0018356932189492491)	(56, 0.0018356932189492491)	(61, 0.0018356932189492491)	(67, 0.0018356932189492491)	(74, 0.0018356932189492491)	(82, 0.002447590958598999)	(88, 0.002447590958598999)	(95, 0.002447590958598999)	(102, 0.002447590958598999)	(107, 0.002447590958598999)	(112, 0.002447590958598999)	(117, 0.002447590958598999)	(123, 0.002447590958598999)	(129, 0.002447590958598999)	(136, 0.002447590958598999)	(142, 0.002447590958598999)	(149, 0.002447590958598999)	(157, 0.002447590958598999)	(164, 0.002447590958598999)	(172, 0.002447590958598999)	(181, 0.002447590958598999)	(190, 0.002447590958598999)	(199, 0.002447590958598999)	(209, 0.002447590958598999)	(220, 0.002447590958598999)	(231, 0.002447590958598999)	(242, 0.002447590958598999)	(254, 0.002447590958598999)	(267, 0.002447590958598999)	(280, 0.002447590958598999)	(293, 0.002447590958598999)	(308, 0.002447590958598999)	(323, 0.002447590958598999)	(339, 0.002447590958598999)	(356, 0.002447590958598999)	(373, 0.0030594886982487487)	(392, 0.0030594886982487487)	(411, 0.0030594886982487487)	(432, 0.0030594886982487487)	(453, 0.0030594886982487487)	(476, 0.0030594886982487487)	(499, 0.0030594886982487487)	(524, 0.0030594886982487487)	(550, 0.0036713864378984983)	(577, 0.0036713864378984983)	(606, 0.0036713864378984983)	(636, 0.0036713864378984983)	(667, 0.0036713864378984983)	(700, 0.0036713864378984983)	(735, 0.0036713864378984983)	(771, 0.0036713864378984983)	(809, 0.0036713864378984983)	(849, 0.0036713864378984983)	(892, 0.0036713864378984983)	(936, 0.0036713864378984983)	(982, 0.0036713864378984983)	(1030, 0.0036713864378984983)	(1081, 0.0036713864378984983)	(1135, 0.004283284177548248)	(1191, 0.004283284177548248)	(1250, 0.004283284177548248)	(1312, 0.004283284177548248)	(1377, 0.004283284177548248)	(1445, 0.004895181917197998)	(1517, 0.004895181917197998)	(1592, 0.004895181917197998)	(1671, 0.004895181917197998)	(1754, 0.004895181917197998)	(1841, 0.004895181917197998)	(1932, 0.004895181917197998)	(2027, 0.004895181917197998)	(2128, 0.005507079656847748)	(2233, 0.006118977396497497)	(2344, 0.006118977396497497)	(2460, 0.006118977396497497)	(2581, 0.006118977396497497)	(2709, 0.006730875136147247)	(2843, 0.006730875136147247)	(2984, 0.006730875136147247)	(3132, 0.006730875136147247)	(3287, 0.007342772875796997)	(3450, 0.007342772875796997)	(3621, 0.007342772875796997)	(3800, 0.007954670615446746)	(3988, 0.009790363834395997)	(4186, 0.009790363834395997)	(4393, 0.009790363834395997)	(4611, 0.010402261574045746)	(4839, 0.010402261574045746)	(5079, 0.011626057053345245)	(5330, 0.011626057053345245)	(5594, 0.012237954792994995)	(5871, 0.012237954792994995)	(6162, 0.012237954792994995)	(6467, 0.012237954792994995)	(6787, 0.012237954792994995)	(7123, 0.012237954792994995)	(7476, 0.012237954792994995)	(7847, 0.012237954792994995)	(8235, 0.012237954792994995)	(8643, 0.012237954792994995)	(9071, 0.012237954792994995)	(9520, 0.012237954792994995)	(9992, 0.012237954792994995)	(10487, 0.012237954792994995)	(11006, 0.012237954792994995)	(11551, 0.012237954792994995)	(12123, 0.012237954792994995)	(12724, 0.012237954792994995)	(13354, 0.012237954792994995)	(14016, 0.012237954792994995)	(14710, 0.012237954792994995)	(15438, 0.012237954792994995)	(16203, 0.012237954792994995)	(17006, 0.012237954792994995)	(17848, 0.012237954792994995)	(18732, 0.012237954792994995)	(19660, 0.012237954792994995)	(20634, 0.012237954792994995)	(21656, 0.012237954792994995)	(22728, 0.012237954792994995)	(23854, 0.012237954792994995)	(25035, 0.012237954792994995)	(26275, 0.012237954792994995)	(27577, 0.012237954792994995)	(28943, 0.012237954792994995)	(30376, 0.012237954792994995)											
